0,1,2,3,4,5,6,7,8,9,10,11,12,13,14,15,16,17,18,19,20,21,22,23,24,25,26,27,28,29,30,31,32,33,34,35,36,37,38,39,40,41,42,43,44,45,46,47,48,49,50,51,52,53,54,55,56,57,58,59,60,61,62,63,64,65,66,67,68,69,70,71,72,73,74,75,76,77,78,79,80,81,82,83,84,85,86,87,88,89,90,91,92,93,94,95,96,97,98,99,100,101,102,103,104,105,106,107,108,109,110,111,112,113,114,115,116,117,118,119,120,121,122,123,124,125,126,127,128,129,130,131,132,133,134,135,136,137,138,139,140,141,142,143,144,145,146,147,148,149,150,151,152,153,154,155,156,157,158,159,160,161,162,163,164,165,166,167,168,169,170,171,172,173,174,175,176,177,178,179,180,181,182,183,184,185,186,187,188,189,190,191,192,193,194,195,196,197,198,199,200,201,202,203,204,205,206,207,208,209,210,211,212,213,214,215,216,217,218,219,220,221,222,223,224,225,226,227,228,229,230
0.7121070623397827,0.31538841128349304,-0.17701774835586548,0.9987083077430725,0.0,0.0,0.0,0.7171501517295837,0.3056904971599579,-0.17796310782432556,0.9990581274032593,0.0,0.0,0.0,0.7192857265472412,0.3056187033653259,-0.17803864181041718,0.9989371299743652,0.0,0.0,0.0,0.7215632796287537,0.30540868639945984,-0.17812827229499817,0.999238133430481,0.0,0.0,0.0,0.7134443521499634,0.30527669191360474,-0.1563432514667511,0.998749852180481,0.0,0.0,0.0,0.7129602432250977,0.30496615171432495,-0.15630711615085602,0.9984269142150879,0.0,0.0,0.0,0.7124911546707153,0.3045767843723297,-0.1562523990869522,0.9985894560813904,0.0,0.0,0.0,0.7308969497680664,0.3095763623714447,-0.14595304429531097,0.9990273714065552,0.0,0.0,0.0,0.7186102867126465,0.30898427963256836,-0.0480794757604599,0.9980024099349976,0.0,0.0,0.0,0.7174274921417236,0.3255571722984314,-0.16285927593708038,0.9992036819458008,0.0,0.0,0.0,0.7122885584831238,0.3253501057624817,-0.13466991484165192,0.9985105395317078,0.0,0.0,0.0,0.7492789030075073,0.355244517326355,-0.17894351482391357,0.9999867081642151,0.0,0.0,0.0,0.7188756465911865,0.36289870738983154,0.07355637848377228,0.9991945624351501,0.0,0.0,0.0,0.7541841864585876,0.43560072779655457,-0.21920494735240936,0.9894855618476868,0.0,0.0,0.0,0.7174168229103088,0.43382108211517334,0.13839839398860931,0.36308538913726807,0.0,0.0,0.0,0.7246895432472229,0.49580129981040955,-0.2503082752227783,0.9823916554450989,0.0,0.0,0.0,0.7071195244789124,0.48852917551994324,0.06624545156955719,0.6070898175239563,0.0,0.0,0.0,0.7168400287628174,0.5143385529518127,-0.28263407945632935,0.9740278124809265,0.0,0.0,0.0,0.7036823630332947,0.5073698163032532,0.060580410063266754,0.5993059277534485,0.0,0.0,0.0,0.7119419574737549,0.5097842812538147,-0.2811603546142578,0.9720429182052612,0.0,0.0,0.0,0.7025463581085205,0.5062211751937866,0.02971148118376732,0.6068617105484009,0.0,0.0,0.0,0.7141183018684387,0.5046449899673462,-0.2483518421649933,0.9522320628166199,0.0,0.0,0.0,0.7041810750961304,0.49974584579467773,0.0513753667473793,0.5917192101478577,0.0,0.0,0.0,0.73530113697052,0.5038287043571472,-0.08104431629180908,0.9995286464691162,0.0,0.0,0.0,0.7146791815757751,0.5042288303375244,0.08113060146570206,0.9986483454704285,0.0,0.0,0.0,0.7340791821479797,0.6086829304695129,-0.11310018599033356,0.9156838059425354,0.0,0.0,0.0,0.7081634402275085,0.5957318544387817,0.09474992752075195,0.691430389881134,0.0,0.0,0.0,0.7594380974769592,0.7256004214286804,-0.05023295432329178,0.9307364821434021,0.0,0.0,0.0,0.7307189702987671,0.710990309715271,0.17765286564826965,0.7484040260314941,0.0,0.0,0.0,0.7679132223129272,0.7383404970169067,-0.04587232321500778,0.8919823169708252,0.0,0.0,0.0,0.738637387752533,0.7261168956756592,0.18354003131389618,0.7649372816085815,0.0,0.0,0.0,0.7532370686531067,0.7638990879058838,-0.11490030586719513,0.9324304461479187,0.0,0.0,0.0,0.7121224403381348,0.7402204871177673,0.1337289661169052,0.7982579469680786,0.0,0.0,0.0
0.7113603949546814,0.3138902485370636,-0.250276118516922,0.9987847208976746,-0.0007466673851013184,-0.0014981627464294434,-0.07325837016105652,0.7169419527053833,0.3046325743198395,-0.24747033417224884,0.9990812540054321,-0.00020819902420043945,-0.0010579228401184082,-0.06950722634792328,0.7192175984382629,0.304386168718338,-0.24755318462848663,0.998982846736908,-6.812810897827148e-05,-0.001232534646987915,-0.06951454281806946,0.7215631008148193,0.3040771484375,-0.24765923619270325,0.9992637038230896,-1.7881393432617188e-07,-0.0013315379619598389,-0.06953096389770508,0.7123419046401978,0.30465295910835266,-0.2302016019821167,0.9987211227416992,-0.001102447509765625,-0.0006237328052520752,-0.0738583505153656,0.7113731503486633,0.30447155237197876,-0.23017194867134094,0.998345136642456,-0.0015870928764343262,-0.0004945993423461914,-0.07386483252048492,0.7103773355484009,0.3042070269584656,-0.23013436794281006,0.9983779788017273,-0.002113819122314453,-0.00036975741386413574,-0.07388196885585785,0.730896532535553,0.30825039744377136,-0.1975201666355133,0.9990731477737427,-4.172325134277344e-07,-0.0013259649276733398,-0.05156712234020233,0.7153692245483398,0.30825215578079224,-0.11909711360931396,0.996779203414917,-0.0032410621643066406,-0.000732123851776123,-0.07101763784885406,0.7171471118927002,0.3241941034793854,-0.2292230874300003,0.9992272257804871,-0.0002803802490234375,-0.0013630688190460205,-0.06636381149291992,0.7114092707633972,0.3245900273323059,-0.20663776993751526,0.9983683824539185,-0.0008792877197265625,-0.0007600784301757812,-0.07196785509586334,0.7475271224975586,0.3537226617336273,-0.21325302124023438,0.9999871253967285,-0.0017517805099487305,-0.0015218555927276611,-0.0343095064163208,0.7162011861801147,0.36234521865844727,0.01941145956516266,0.9988687634468079,-0.0026744604110717773,-0.0005534887313842773,-0.05414491891860962,0.752707302570343,0.4318549335002899,-0.23661060631275177,0.9904085397720337,-0.001476883888244629,-0.0037457942962646484,-0.017405658960342407,0.7125765681266785,0.4318287968635559,0.09695988893508911,0.3370877206325531,-0.004840254783630371,-0.0019922852516174316,-0.0414385050535202,0.7251141667366028,0.49149972200393677,-0.2729359269142151,0.9839509725570679,0.0004246234893798828,-0.004301577806472778,-0.022627651691436768,0.7002114057540894,0.4821230471134186,0.03160494938492775,0.5837705135345459,-0.006908118724822998,-0.006406128406524658,-0.03464050218462944,0.7173019051551819,0.5125006437301636,-0.30427488684654236,0.975986659526825,0.00046187639236450195,-0.00183790922164917,-0.021640807390213013,0.6953563094139099,0.4997420012950897,0.026498809456825256,0.5797708630561829,-0.008326053619384766,-0.007627815008163452,-0.0340816006064415,0.711898684501648,0.5076867341995239,-0.307707816362381,0.9742316603660583,-4.3272972106933594e-05,-0.0020975470542907715,-0.02654746174812317,0.6951998472213745,0.49881458282470703,-0.002766199177131057,0.5871317982673645,-0.007346510887145996,-0.00740659236907959,-0.032477680360898376,0.7138594388961792,0.5019168257713318,-0.27278560400009155,0.9559609889984131,-0.0002588629722595215,-0.0027281641960144043,-0.024433761835098267,0.6962290406227112,0.49291613698005676,0.017972564324736595,0.5710963606834412,-0.00795203447341919,-0.006829708814620972,-0.03340280242264271,0.7381294369697571,0.4993304908275604,-0.07375277578830719,0.9995191097259521,0.0028282999992370605,-0.004498213529586792,0.007291540503501892,0.7140910029411316,0.5009531378746033,0.07378561049699783,0.9984896779060364,-0.0005881786346435547,-0.0032756924629211426,-0.007344990968704224,0.7350184917449951,0.6063079237937927,-0.09304692596197128,0.8785803914070129,0.0009393095970153809,-0.002375006675720215,0.020053260028362274,0.7020494341850281,0.592350423336029,0.10193155705928802,0.6366669535636902,-0.006114006042480469,-0.0033814311027526855,0.007181629538536072,0.759154200553894,0.69789719581604,0.01983058825135231,0.9001262187957764,-0.00028389692306518555,-0.02770322561264038,0.07006354257464409,0.714479386806488,0.6846259236335754,0.2374880611896515,0.6989092230796814,-0.016239583492279053,-0.026364386081695557,0.059835195541381836,0.7665266394615173,0.7090424299240112,0.028458813205361366,0.8764305710792542,-0.0013865828514099121,-0.029298067092895508,0.07433113642036915,0.7211185693740845,0.6985620260238647,0.24790576100349426,0.7321644425392151,-0.017518818378448486,-0.027554869651794434,0.06436572968959808,0.751923680305481,0.7330154776573181,-0.04614739492535591,0.9076751470565796,-0.0013133883476257324,-0.030883610248565674,0.06875291094183922,0.6924015283584595,0.7053172588348389,0.19048544764518738,0.7529783844947815,-0.019720911979675293,-0.03490322828292847,0.056756481528282166
0.709229588508606,0.3138276934623718,-0.26769471168518066,0.9988784790039062,-0.0021308064460754395,-6.255507469177246e-05,-0.017418593168258667,0.7153163552284241,0.3046339452266693,-0.2651887536048889,0.9991320967674255,-0.0016255974769592285,1.3709068298339844e-06,-0.017718419432640076,0.7179409265518188,0.3043754994869232,-0.26526641845703125,0.9990485310554504,-0.0012766718864440918,-1.0669231414794922e-05,-0.017713233828544617,0.720535397529602,0.3040538728237152,-0.26537322998046875,0.9993085265159607,-0.0010277032852172852,-2.327561378479004e-05,-0.017713993787765503,0.7097223997116089,0.30465635657310486,-0.24887967109680176,0.9987679719924927,-0.002619504928588867,3.3974647521972656e-06,-0.01867806911468506,0.7083920836448669,0.3044756352901459,-0.24885758757591248,0.9983841776847839,-0.0029810667037963867,4.082918167114258e-06,-0.018685638904571533,0.707089900970459,0.3042201101779938,-0.24882695078849792,0.9983649849891663,-0.0032874345779418945,1.3083219528198242e-05,-0.018692582845687866,0.7297112345695496,0.30797436833381653,-0.2147359400987625,0.9991357326507568,-0.001185297966003418,-0.000276029109954834,-0.017215773463249207,0.7120304703712463,0.3081215023994446,-0.1404087245464325,0.996426522731781,-0.003338754177093506,-0.00013065338134765625,-0.02131161093711853,0.7156045436859131,0.3242184817790985,-0.24646727740764618,0.9992800354957581,-0.0015425682067871094,2.4378299713134766e-05,-0.017244189977645874,0.7093007564544678,0.3246082663536072,-0.2250443398952484,0.9984145164489746,-0.0021085143089294434,1.823902130126953e-05,-0.018406569957733154,0.7468180656433105,0.35386714339256287,-0.2254852056503296,0.9999879598617554,-0.0007090568542480469,0.00014448165893554688,-0.012232184410095215,0.7102307677268982,0.36397919058799744,-0.004856283776462078,0.9988701343536377,-0.005970418453216553,0.001633971929550171,-0.024267743341624737,0.7508293390274048,0.4318133592605591,-0.24349045753479004,0.99122554063797,-0.0018779635429382324,-4.157423973083496e-05,-0.006879851222038269,0.7042639255523682,0.4325341582298279,0.06887803971767426,0.3208926320075989,-0.008312642574310303,0.0007053613662719727,-0.028081849217414856,0.7253565788269043,0.49002450704574585,-0.2796474099159241,0.9852735996246338,0.00024241209030151367,-0.001475214958190918,-0.006711483001708984,0.691977322101593,0.48235541582107544,0.00035990122705698013,0.5718250274658203,-0.008234083652496338,0.00023236870765686035,-0.03124504815787077,0.7181276082992554,0.5121716260910034,-0.3114790618419647,0.9775829315185547,0.0008257031440734863,-0.00032901763916015625,-0.007204174995422363,0.6864472031593323,0.5016431212425232,-0.006714841816574335,0.5692520141601562,-0.008909106254577637,0.0019011199474334717,-0.03321365127339959,0.7118086218833923,0.5074952840805054,-0.31628042459487915,0.9760457873344421,-9.006261825561523e-05,-0.0001914501190185547,-0.008572608232498169,0.687295138835907,0.5002737045288086,-0.0368150994181633,0.5764108896255493,-0.00790470838546753,0.0014591217041015625,-0.03404890024103224,0.7132168412208557,0.5016953349113464,-0.2801359295845032,0.9590461850166321,-0.0006425976753234863,-0.00022149085998535156,-0.007350325584411621,0.6907235980033875,0.4948616623878479,-0.013570909388363361,0.5604970455169678,-0.0055054426193237305,0.0019455254077911377,-0.031543473713099957,0.7397295236587524,0.49689361453056335,-0.0714765265583992,0.9995489716529846,0.0016000866889953613,-0.0024368762969970703,0.0022762492299079895,0.7125290632247925,0.49935150146484375,0.07151513546705246,0.9985454082489014,-0.0015619397163391113,-0.0016016364097595215,-0.0022704750299453735,0.73520427942276,0.6060737371444702,-0.09803546965122223,0.85833740234375,0.00018578767776489258,-0.00023418664932250977,-0.004988543689250946,0.6960944533348083,0.5896978974342346,0.10085733234882355,0.591985285282135,-0.0059549808502197266,-0.0026525259017944336,-0.0010742247104644775,0.7553026080131531,0.6940092444419861,0.016173742711544037,0.8858029246330261,-0.003851592540740967,-0.003887951374053955,-0.0036568455398082733,0.7077800631523132,0.681705892086029,0.2427513152360916,0.6596264243125916,-0.006699323654174805,-0.0029200315475463867,0.0052632540464401245,0.7625241279602051,0.7057317495346069,0.025151992216706276,0.8674460053443909,-0.004002511501312256,-0.003310680389404297,-0.0033068209886550903,0.7176171541213989,0.6941927075386047,0.2539752423763275,0.7060074806213379,-0.003501415252685547,-0.00436931848526001,0.006069481372833252,0.7480642199516296,0.7267184853553772,-0.045893531292676926,0.8944645524024963,-0.0038594603538513184,-0.006296992301940918,0.0002538636326789856,0.6857589483261108,0.7030099630355835,0.20031245052814484,0.7162879109382629,-0.006642580032348633,-0.002307295799255371,0.009827002882957458
0.7074936628341675,0.3138309419155121,-0.24586908519268036,0.9989680051803589,-0.0017359256744384766,3.248453140258789e-06,0.021825626492500305,0.713686466217041,0.3047976493835449,-0.24164032936096191,0.9991785883903503,-0.0016298890113830566,0.00016370415687561035,0.023548424243927002,0.7164791822433472,0.30458179116249084,-0.24171987175941467,0.999106228351593,-0.0014617443084716797,0.00020629167556762695,0.023546546697616577,0.7193061113357544,0.30435141921043396,-0.24180757999420166,0.9993466138839722,-0.0012292861938476562,0.00029754638671875,0.02356564998626709,0.7076805233955383,0.304816335439682,-0.22655460238456726,0.9988246560096741,-0.0020418763160705566,0.00015997886657714844,0.022325068712234497,0.7061399221420288,0.3046784996986389,-0.22653694450855255,0.9984479546546936,-0.0022521615028381348,0.000202864408493042,0.022320643067359924,0.7046464085578918,0.3044726550579071,-0.22651994228363037,0.998405396938324,-0.0024434924125671387,0.0002525448799133301,0.022307008504867554,0.7284467220306396,0.30841413140296936,-0.1901704967021942,0.9991843700408936,-0.0012645125389099121,0.00043976306915283203,0.0245654433965683,0.708990216255188,0.30848246812820435,-0.119772769510746,0.9962913393974304,-0.0030402541160583496,0.0003609657287597656,0.020635955035686493,0.713763415813446,0.3242381811141968,-0.22436311841011047,0.9993250966072083,-0.001841127872467041,1.96993350982666e-05,0.022104158997535706,0.7069974541664124,0.3245953917503357,-0.20449915528297424,0.9984719157218933,-0.00230330228805542,-1.2874603271484375e-05,0.02054518461227417,0.74595046043396,0.35516417026519775,-0.21798363327980042,0.9999880194664001,-0.0008676052093505859,0.0012970268726348877,0.007501572370529175,0.7048358917236328,0.37089478969573975,0.004943674895912409,0.9988673329353333,-0.005394876003265381,0.00691559910774231,0.009799958672374487,0.7490514516830444,0.43166810274124146,-0.2215493619441986,0.9918192625045776,-0.0017778873443603516,-0.00014525651931762695,0.02194109559059143,0.697562575340271,0.44178304076194763,0.06898686289787292,0.31962546706199646,-0.006701350212097168,0.009248882532119751,0.00010882318019866943,0.7253667712211609,0.48908254504203796,-0.2728715240955353,0.9862803220748901,1.0192394256591797e-05,-0.0009419620037078857,0.006775885820388794,0.6829038858413696,0.49751511216163635,-0.0034712799824774265,0.576720654964447,-0.009073436260223389,0.015159696340560913,-0.0038311812095344067,0.7190970182418823,0.5115717649459839,-0.30494946241378784,0.9785996079444885,0.0009694099426269531,-0.0005998611450195312,0.00652959942817688,0.6770955920219421,0.5153765678405762,-0.012550818733870983,0.5722438097000122,-0.009351611137390137,0.013733446598052979,-0.005835976917296648,0.7117030620574951,0.5068963766098022,-0.3057449460029602,0.9772751331329346,-0.0001055598258972168,-0.000598907470703125,0.010535478591918945,0.6778761148452759,0.5141759514808655,-0.041397906839847565,0.5793458223342896,-0.009419023990631104,0.013902246952056885,-0.004582807421684265,0.71258944272995,0.5012593269348145,-0.27093595266342163,0.9611926674842834,-0.0006273984909057617,-0.0004360079765319824,0.009199976921081543,0.6818088889122009,0.5085113048553467,-0.01715197041630745,0.5630906820297241,-0.008914709091186523,0.01364964246749878,-0.003581061027944088,0.7401547431945801,0.4993136525154114,-0.06543964892625809,0.9995480179786682,0.0004252195358276367,0.0024200379848480225,0.006036877632141113,0.7098607420921326,0.5022731423377991,0.06546767801046371,0.9985540509223938,-0.002668321132659912,0.0029216408729553223,-0.006047457456588745,0.7354830503463745,0.608688473701477,-0.08674053102731705,0.8419198989868164,0.00027877092361450195,0.002614736557006836,0.011294938623905182,0.6952158212661743,0.5945580005645752,0.07930832356214523,0.5631967782974243,-0.0008786320686340332,0.004860103130340576,-0.021549008786678314,0.7474237084388733,0.6970164775848389,0.03289831057190895,0.8727748394012451,-0.007878899574279785,0.003007233142852783,0.016724567860364914,0.7037063241004944,0.6867923140525818,0.2199486792087555,0.6358404755592346,-0.004073739051818848,0.005086421966552734,-0.02280263602733612,0.7523096799850464,0.7086442708969116,0.041551556438207626,0.8535894751548767,-0.010214447975158691,0.0029125213623046875,0.01639956422150135,0.7066646814346313,0.7006914019584656,0.22949723899364471,0.6870786547660828,-0.010952472686767578,0.00649869441986084,-0.0244780033826828,0.7403683662414551,0.7301120162010193,-0.033903248608112335,0.8823075890541077,-0.0076958537101745605,0.00339353084564209,0.01199028268456459,0.6794129610061646,0.7098710536956787,0.17563387751579285,0.6932089924812317,-0.006345987319946289,0.006861090660095215,-0.02467857301235199
0.7056875228881836,0.31401780247688293,-0.2376987189054489,0.999065101146698,-0.0018061399459838867,0.0001868605613708496,0.008170366287231445,0.7108731865882874,0.3048067092895508,-0.23248426616191864,0.9992488622665405,-0.002813279628753662,9.059906005859375e-06,0.009156063199043274,0.7135826349258423,0.30453673005104065,-0.23255908489227295,0.9991840124130249,-0.002896547317504883,-4.506111145019531e-05,0.009160786867141724,0.7163675427436829,0.30419304966926575,-0.23262444138526917,0.9994013905525208,-0.002938568592071533,-0.0001583695411682129,0.009183138608932495,0.7044962644577026,0.30516892671585083,-0.2175351083278656,0.9989240169525146,-0.0031842589378356934,0.00035259127616882324,0.00901949405670166,0.7026891112327576,0.3051842451095581,-0.21752288937568665,0.9985758662223816,-0.0034508109092712402,0.0005057454109191895,0.009014055132865906,0.7009495496749878,0.3051320016384125,-0.21751058101654053,0.9985296130180359,-0.0036968588829040527,0.0006593465805053711,0.009009361267089844,0.72487872838974,0.30822956562042236,-0.18228265643119812,0.99925297498703,-0.003567993640899658,-0.00018456578254699707,0.007887840270996094,0.7040610313415527,0.30880817770957947,-0.10859761387109756,0.9965137839317322,-0.004929184913635254,0.00032570958137512207,0.011175155639648438,0.7123225331306458,0.3242541253566742,-0.21573595702648163,0.9993840456008911,-0.001440882682800293,1.5944242477416992e-05,0.008627161383628845,0.7048791646957397,0.32469624280929565,-0.1959071159362793,0.9985924959182739,-0.0021182894706726074,0.00010085105895996094,0.008592039346694946,0.7460209131240845,0.35604768991470337,-0.1855139434337616,0.999988317489624,7.045269012451172e-05,0.0008835196495056152,0.03246968984603882,0.6995607018470764,0.37601354718208313,0.010908745229244232,0.9989235997200012,-0.0052751898765563965,0.005118757486343384,0.005965070333331823,0.7488585114479065,0.43177470564842224,-0.19996397197246552,0.9924281239509583,-0.00019294023513793945,0.00010660290718078613,0.021585389971733093,0.6920485496520996,0.4464806318283081,0.07530876249074936,0.3326568305492401,-0.005514025688171387,0.004697591066360474,0.006321899592876434,0.7256091833114624,0.48939207196235657,-0.27267616987228394,0.9873895049095154,0.00024241209030151367,0.0003095269203186035,0.00019535422325134277,0.6765705347061157,0.5019782781600952,-0.004061834421008825,0.5990326404571533,-0.006333351135253906,0.004463165998458862,-0.0005905544385313988,0.7207456827163696,0.511622965335846,-0.3020288348197937,0.9799966216087341,0.0016486644744873047,5.120038986206055e-05,0.0029206275939941406,0.670473575592041,0.5196132063865662,-0.0142368720844388,0.5914112329483032,-0.006622016429901123,0.00423663854598999,-0.0016860533505678177,0.7120050191879272,0.5069406628608704,-0.3026581406593323,0.9788390398025513,0.0003019571304321289,4.4286251068115234e-05,0.0030868053436279297,0.6721538305282593,0.5186005234718323,-0.044684998691082,0.5983532071113586,-0.0057222843170166016,0.004424571990966797,-0.003287091851234436,0.712553858757019,0.5013425946235657,-0.2673121690750122,0.963837206363678,-3.55839729309082e-05,8.32676887512207e-05,0.003623783588409424,0.6757863759994507,0.5130452513694763,-0.01834125444293022,0.5820806622505188,-0.006022512912750244,0.004533946514129639,-0.0011892840266227722,0.7401412725448608,0.5004104375839233,-0.06088387221097946,0.9995524287223816,-1.3470649719238281e-05,0.0010967850685119629,0.0045557767152786255,0.7081097364425659,0.5049572587013245,0.060910582542419434,0.9986006021499634,-0.0017510056495666504,0.0026841163635253906,-0.004557095468044281,0.7376329302787781,0.6095544099807739,-0.08771553635597229,0.8343494534492493,0.0021498799324035645,0.000865936279296875,-0.0009750053286552429,0.6933545470237732,0.5951708555221558,0.0698954239487648,0.5512528419494629,-0.001861274242401123,0.0006128549575805664,-0.009412899613380432,0.7473055124282837,0.6988016366958618,0.02649945393204689,0.8651260137557983,-0.00011819601058959961,0.0017851591110229492,-0.0063988566398620605,0.69063401222229,0.6901277899742126,0.21291014552116394,0.6273231506347656,-0.013072311878204346,0.0033354759216308594,-0.007038533687591553,0.7506031394004822,0.7117828130722046,0.03380895406007767,0.8425289988517761,-0.001706540584564209,0.0031385421752929688,-0.007742602378129959,0.6977146863937378,0.7042381167411804,0.2221890240907669,0.6786380410194397,-0.008949995040893555,0.0035467147827148438,-0.007308214902877808,0.7426491975784302,0.7282553315162659,-0.045651137828826904,0.8731590509414673,0.0022808313369750977,-0.001856684684753418,-0.011747889220714569,0.6682937145233154,0.7115108966827393,0.1660502403974533,0.6807034015655518,-0.011119246482849121,0.0016398429870605469,-0.009583637118339539
0.70413738489151,0.3139653503894806,-0.23292478919029236,0.9991558194160461,-0.001550137996673584,-5.245208740234375e-05,0.004773929715156555,0.709152340888977,0.30448970198631287,-0.22645199298858643,0.9993181228637695,-0.0017208456993103027,-0.00031700730323791504,0.006032273173332214,0.7118593454360962,0.3041423559188843,-0.22652781009674072,0.9992597699165344,-0.0017232894897460938,-0.00039437413215637207,0.0060312747955322266,0.7146185636520386,0.3037724494934082,-0.2265910804271698,0.9994556903839111,-0.0017489790916442871,-0.00042060017585754395,0.006033360958099365,0.7024070024490356,0.3050665855407715,-0.2127600610256195,0.9990233182907104,-0.002089262008666992,-0.0001023411750793457,0.004775047302246094,0.7003684043884277,0.3051305115222931,-0.21274995803833008,0.9987055659294128,-0.002320706844329834,-5.373358726501465e-05,0.004772931337356567,0.6983506679534912,0.30511564016342163,-0.21273812651634216,0.9986594319343567,-0.002598881721496582,-1.6361474990844727e-05,0.004772454500198364,0.722247302532196,0.30808117985725403,-0.16561979055404663,0.9993200898170471,-0.0026314258575439453,-0.00014838576316833496,0.01666286587715149,0.6997580528259277,0.3088087737560272,-0.10427206754684448,0.9967920184135437,-0.004302978515625,5.960464477539062e-07,0.004325546324253082,0.710293173789978,0.324185311794281,-0.20960089564323425,0.9994412064552307,-0.0020293593406677246,-6.881356239318848e-05,0.0061350613832473755,0.7022913694381714,0.3245910108089447,-0.19152124226093292,0.9987186789512634,-0.0025877952575683594,-0.00010523200035095215,0.0043858736753463745,0.7444920539855957,0.3575773239135742,-0.15999987721443176,0.9999886751174927,-0.0015288591384887695,0.0015296339988708496,0.025514066219329834,0.6934921145439148,0.3762587606906891,0.010772000066936016,0.9989898204803467,-0.006068587303161621,0.00024521350860595703,-0.0001367451623082161,0.7475070357322693,0.4320482015609741,-0.1739058643579483,0.9929800629615784,-0.001351475715637207,0.0002734959125518799,0.026058107614517212,0.6871265172958374,0.44782164692878723,0.07202871143817902,0.35612374544143677,-0.004922032356262207,0.001341015100479126,-0.003280051052570343,0.7266145348548889,0.4915299415588379,-0.24969127774238586,0.9883907437324524,0.0010053515434265137,0.0021378695964813232,0.02298489212989807,0.6730083227157593,0.5051525831222534,-0.00972752831876278,0.6238711476325989,-0.0035622119903564453,0.003174304962158203,-0.005665693897753954,0.7225339412689209,0.5125544667243958,-0.2830330729484558,0.98124098777771,0.0017882585525512695,0.0009315013885498047,0.01899576187133789,0.6665747165679932,0.5241235494613647,-0.021206218749284744,0.6132602691650391,-0.0038988590240478516,0.004510343074798584,-0.0069693466648459435,0.713482677936554,0.5078639388084412,-0.2917545437812805,0.980239987373352,0.001477658748626709,0.0009232759475708008,0.010903596878051758,0.6688463091850281,0.5240851640701294,-0.051652926951646805,0.6200884580612183,-0.003307521343231201,0.005484640598297119,-0.006967928260564804,0.713098406791687,0.5026214718818665,-0.25201305747032166,0.966234028339386,0.0005445480346679688,0.0012788772583007812,0.015299111604690552,0.6723688244819641,0.5178588628768921,-0.02383381314575672,0.6035853624343872,-0.0034175515174865723,0.0048136115074157715,-0.0054925587028265,0.7393483519554138,0.5032858848571777,-0.053346745669841766,0.9995689392089844,-0.0007929205894470215,0.0028754472732543945,0.007537126541137695,0.7045937776565552,0.5078977942466736,0.053373854607343674,0.9986689686775208,-0.003515958786010742,0.002940535545349121,-0.00753672793507576,0.739924967288971,0.6142786741256714,-0.08884769678115845,0.831489086151123,0.002292037010192871,0.004724264144897461,-0.0011321604251861572,0.6911758780479431,0.597016453742981,0.06998160481452942,0.547462522983551,-0.002178668975830078,0.0018455982208251953,8.618086576461792e-05,0.7488504648208618,0.7013087868690491,0.016589049249887466,0.8609678745269775,0.001544952392578125,0.002507150173187256,-0.009910404682159424,0.6828539371490479,0.6905704140663147,0.2196177989244461,0.6265909075737,-0.0077800750732421875,0.0004426240921020508,0.0067076534032821655,0.7514418959617615,0.7142775058746338,0.022691821679472923,0.8372679352760315,0.0008387565612792969,0.0024946928024291992,-0.011117132380604744,0.6886434555053711,0.7059177160263062,0.2302430421113968,0.6733152270317078,-0.0090712308883667,0.0016795992851257324,0.008054018020629883,0.7484458684921265,0.7277588248252869,-0.058288879692554474,0.8666694760322571,0.005796670913696289,-0.0004965066909790039,-0.01263774186372757,0.6674174666404724,0.7130838632583618,0.16393215954303741,0.6732833385467529,-0.0008762478828430176,0.0015729665756225586,-0.0021180808544158936
0.7014843225479126,0.3133839964866638,-0.21952278912067413,0.999235987663269,-0.002653062343597412,-0.0005813539028167725,0.013402000069618225,0.7065556049346924,0.3036671578884125,-0.2096739113330841,0.999376118183136,-0.002596735954284668,-0.0008225440979003906,0.01677808165550232,0.7091559171676636,0.30331507325172424,-0.20974203944206238,0.9993239045143127,-0.002703428268432617,-0.0008272826671600342,0.016785770654678345,0.7118025422096252,0.302996426820755,-0.20977406203746796,0.9995008111000061,-0.00281602144241333,-0.0007760226726531982,0.016817018389701843,0.6997422575950623,0.304580956697464,-0.20082834362983704,0.9991055130958557,-0.0026647448539733887,-0.0004856288433074951,0.01193171739578247,0.697624146938324,0.30481818318367004,-0.2008380889892578,0.9988134503364563,-0.0027442574501037598,-0.0003123283386230469,0.011911869049072266,0.6954833269119263,0.304972380399704,-0.20086106657981873,0.998765766620636,-0.0028673410415649414,-0.00014325976371765137,0.011877059936523438,0.7194540500640869,0.30733248591423035,-0.14473505318164825,0.999374508857727,-0.002793252468109131,-0.0007486939430236816,0.020884737372398376,0.6973276734352112,0.3087958097457886,-0.10353603214025497,0.9970068335533142,-0.0024303793907165527,-1.2964010238647461e-05,0.0007360354065895081,0.7073473334312439,0.3231569826602936,-0.19363895058631897,0.9994914531707764,-0.002945840358734131,-0.0010283291339874268,0.015961945056915283,0.6992958784103394,0.3237457871437073,-0.1827641725540161,0.9988294243812561,-0.0029954910278320312,-0.0008452236652374268,0.008757069706916809,0.7431684136390686,0.35788923501968384,-0.13574597239494324,0.9999886155128479,-0.0013236403465270996,0.00031191110610961914,0.024253904819488525,0.6886079907417297,0.37574511766433716,0.009569020941853523,0.9990434646606445,-0.004884123802185059,-0.0005136430263519287,-0.0012029791250824928,0.7464661598205566,0.4321085512638092,-0.15000982582569122,0.9934245347976685,-0.0010408759117126465,6.034970283508301e-05,0.02389603853225708,0.6820275187492371,0.44745099544525146,0.06585806608200073,0.38607704639434814,-0.005098998546600342,-0.0003706514835357666,-0.006170645356178284,0.7273558378219604,0.4920813739299774,-0.22879955172538757,0.9892392754554749,0.0007413029670715332,0.0005514323711395264,0.02089172601699829,0.6699268817901611,0.5057201385498047,-0.015245748683810234,0.6484993696212769,-0.0030814409255981445,0.0005675554275512695,-0.005518220365047455,0.7246502637863159,0.5135194659233093,-0.26269418001174927,0.9822209477424622,0.0021163225173950195,0.0009649991989135742,0.020338892936706543,0.6634203791618347,0.5244842767715454,-0.02928457036614418,0.6346843838691711,-0.0031543374061584473,0.00036072731018066406,-0.008078351616859436,0.714584469795227,0.508888304233551,-0.2726733088493347,0.9813673496246338,0.0011017918586730957,0.0010243654251098633,0.0190812349319458,0.6659539937973022,0.5249588489532471,-0.05911911651492119,0.6414662003517151,-0.00289231538772583,0.0008736848831176758,-0.0074661895632743835,0.7134889960289001,0.503596305847168,-0.2327343225479126,0.9681999683380127,0.00039058923721313477,0.0009748339653015137,0.019278734922409058,0.669632077217102,0.5190148949623108,-0.0290619395673275,0.6250219345092773,-0.0027367472648620605,0.0011560320854187012,-0.005228126421570778,0.7373095154762268,0.5047932863235474,-0.04353895038366318,0.9995797276496887,-0.0020388364791870117,0.001507401466369629,0.009807795286178589,0.6999611258506775,0.5084859728813171,0.043565087020397186,0.9987357258796692,-0.0046326518058776855,0.0005881786346435547,-0.009808767586946487,0.7395159006118774,0.6141656041145325,-0.07469841837882996,0.833461344242096,-0.00040906667709350586,-0.00011307001113891602,0.014149278402328491,0.6864699125289917,0.5961085557937622,0.035451922565698624,0.564282238483429,-0.004705965518951416,-0.00090789794921875,-0.034529682248830795,0.7464828491210938,0.6994382739067078,0.04707709699869156,0.8608880043029785,-0.0023676156997680664,-0.0018705129623413086,0.030488047748804092,0.6783283948898315,0.6920844316482544,0.19066202640533447,0.6402345299720764,-0.004525542259216309,0.0015140175819396973,-0.028955772519111633,0.7466631531715393,0.7132982015609741,0.05420645326375961,0.8271920084953308,-0.004778742790222168,-0.000979304313659668,0.03151463158428669,0.6839129328727722,0.7049061059951782,0.20193259418010712,0.6726056337356567,-0.004730522632598877,-0.0010116100311279297,-0.028310447931289673,0.748457133769989,0.7244614958763123,-0.03285089135169983,0.8615769743919373,1.1265277862548828e-05,-0.0032973289489746094,0.025437988340854645,0.6625968217849731,0.7121700048446655,0.1238957867026329,0.6770203709602356,-0.004820644855499268,-0.0009138584136962891,-0.04003637284040451
0.6982470750808716,0.3124880790710449,-0.24662204086780548,0.9993059039115906,-0.0032372474670410156,-0.0008959174156188965,-0.027099251747131348,0.7034814953804016,0.3033096492290497,-0.2359389066696167,0.9994208216667175,-0.0030741095542907715,-0.00035750865936279297,-0.026264995336532593,0.7061159610748291,0.3030942976474762,-0.23599867522716522,0.999374508857727,-0.0030399560928344727,-0.00022077560424804688,-0.026256635785102844,0.708786129951477,0.3028944730758667,-0.2360316962003708,0.9995348453521729,-0.0030164122581481934,-0.00010195374488830566,-0.026257634162902832,0.6969119906425476,0.30382123589515686,-0.2281263768672943,0.9991693496704102,-0.0028302669525146484,-0.0007597208023071289,-0.027298033237457275,0.6948835849761963,0.30396711826324463,-0.22813911736011505,0.9988983273506165,-0.0027405619621276855,-0.000851064920425415,-0.02730102837085724,0.69279944896698,0.30402296781539917,-0.2281571626663208,0.998847484588623,-0.002683877944946289,-0.0009494125843048096,-0.027296096086502075,0.715912938117981,0.3072861135005951,-0.15582963824272156,0.9994094967842102,-0.003541111946105957,-4.6372413635253906e-05,-0.011094585061073303,0.6942158341407776,0.3072856366634369,-0.12632997334003448,0.997131884098053,-0.0031118392944335938,-0.0015101730823516846,-0.02279394119977951,0.7033889889717102,0.32284069061279297,-0.2182910442352295,0.9995324611663818,-0.003958344459533691,-0.00031629204750061035,-0.024652093648910522,0.6953601837158203,0.3231261074542999,-0.20818762481212616,0.9989235997200012,-0.003935694694519043,-0.0006196796894073486,-0.025423452258110046,0.7391901016235352,0.35928401350975037,-0.14666715264320374,0.9999876022338867,-0.003978312015533447,0.0013947784900665283,-0.010921180248260498,0.6811323165893555,0.3751884400844574,-0.025089066475629807,0.9990980625152588,-0.007475674152374268,-0.0005566775798797607,-0.03465808741748333,0.7451320886611938,0.4321438670158386,-0.15543736517429352,0.993854284286499,-0.001334071159362793,3.5315752029418945e-05,-0.005427539348602295,0.6750741600990295,0.44635090231895447,0.03331273794174194,0.42520132660865784,-0.0069533586502075195,-0.001100093126296997,-0.03254532814025879,0.7276099920272827,0.49447372555732727,-0.23710834980010986,0.9899861216545105,0.0002541542053222656,0.0023923516273498535,-0.00830879807472229,0.6649540662765503,0.5049092173576355,-0.05321706458926201,0.6748131513595581,-0.00497281551361084,-0.0008109211921691895,-0.037971315905451775,0.7248140573501587,0.5143994688987732,-0.2712598443031311,0.9830464124679565,0.00016379356384277344,0.0008800029754638672,-0.008565664291381836,0.6597059965133667,0.5239657163619995,-0.0708351582288742,0.6590625643730164,-0.0037143826484680176,-0.0005185604095458984,-0.041550587862730026,0.7152935266494751,0.5103016495704651,-0.27703699469566345,0.9823322892189026,0.0007090568542480469,0.0014133453369140625,-0.004363685846328735,0.6628090143203735,0.5246129631996155,-0.10162220150232315,0.6657988429069519,-0.003144979476928711,-0.0003458857536315918,-0.04250308498740196,0.7140102386474609,0.5054289102554321,-0.24082481861114502,0.9699068665504456,0.000521242618560791,0.0018326044082641602,-0.008090496063232422,0.6659947633743286,0.5192099809646606,-0.0671626478433609,0.6493430733680725,-0.0036373138427734375,0.00019508600234985352,-0.0381007082760334,0.73282390832901,0.5047396421432495,-0.036374639719724655,0.9995750188827515,-0.004485607147216797,-5.364418029785156e-05,0.007164310663938522,0.6962071657180786,0.5084521174430847,0.03638962656259537,0.9987984895706177,-0.003753960132598877,-3.3855438232421875e-05,-0.007175460457801819,0.7389973402023315,0.6124809980392456,-0.06810040771961212,0.8328906297683716,-0.0005185604095458984,-0.0016846060752868652,0.0065980106592178345,0.6860954165458679,0.59515380859375,-0.008086327463388443,0.5801277160644531,-0.0003744959831237793,-0.000954747200012207,-0.04353825002908707,0.7432730793952942,0.6948720216751099,0.062156736850738525,0.8579748272895813,-0.0032097697257995605,-0.0045662522315979,0.015079639852046967,0.6774232983589172,0.6921863555908203,0.1373426765203476,0.6573018431663513,-0.0009050965309143066,0.00010192394256591797,-0.05331934988498688,0.7420997023582458,0.7085068225860596,0.06979228556156158,0.8148662447929382,-0.004563450813293457,-0.004791378974914551,0.015585832297801971,0.6804141402244568,0.7053060531616211,0.1470799446105957,0.6720532774925232,-0.0034987926483154297,0.0003999471664428711,-0.054852649569511414,0.7482829093933105,0.7212859392166138,-0.018306953832507133,0.8554651737213135,-0.0001742243766784668,-0.0031755566596984863,0.014543937519192696,0.6609216332435608,0.7124931216239929,0.058809079229831696,0.687681257724762,-0.0016751885414123535,0.0003231167793273926,-0.06508670747280121
0.6948848962783813,0.3095639646053314,-0.2206113338470459,0.9993659853935242,-0.0033621788024902344,-0.002924114465713501,0.026010707020759583,0.7001247406005859,0.30073824524879456,-0.21036076545715332,0.9994542598724365,-0.003356754779815674,-0.002571403980255127,0.02557814121246338,0.7028155326843262,0.30054548382759094,-0.21043066680431366,0.9994157552719116,-0.0033004283905029297,-0.002548813819885254,0.025568008422851562,0.70573890209198,0.30044034123420715,-0.21045371890068054,0.9995624423027039,-0.0030472278594970703,-0.002454131841659546,0.025577977299690247,0.6937150955200195,0.30160459876060486,-0.20515088737010956,0.9992079734802246,-0.003196895122528076,-0.002216637134552002,0.022975489497184753,0.6917675733566284,0.30199822783470154,-0.20517376065254211,0.9989523887634277,-0.003116011619567871,-0.001968890428543091,0.022965356707572937,0.6897041201591492,0.30234888195991516,-0.20523326098918915,0.9988935589790344,-0.0030953288078308105,-0.0016740858554840088,0.022923901677131653,0.7135350108146667,0.3060413599014282,-0.14232240617275238,0.9994342923164368,-0.002377927303314209,-0.0012447535991668701,0.013507232069969177,0.6910006999969482,0.3067605793476105,-0.11413240432739258,0.9971704483032227,-0.0032151341438293457,-0.000525057315826416,0.012197569012641907,0.700298547744751,0.320644736289978,-0.19436506927013397,0.9995691180229187,-0.0030904412269592285,-0.0021959543228149414,0.02392597496509552,0.6922668218612671,0.3211488127708435,-0.18900513648986816,0.9990038275718689,-0.0030933618545532227,-0.001977294683456421,0.019182488322257996,0.7379715442657471,0.3591345548629761,-0.12077435106039047,0.9999871253967285,-0.001218557357788086,-0.000149458646774292,0.025892801582813263,0.6782906651496887,0.374659925699234,-0.01849892921745777,0.9991523027420044,-0.002841651439666748,-0.0005285143852233887,0.006590137258172035,0.7439267039299011,0.4314151406288147,-0.12626101076602936,0.9940751791000366,-0.0012053847312927246,-0.0007287263870239258,0.02917635440826416,0.6707578897476196,0.44608160853385925,0.0394938662648201,0.4664869010448456,-0.004316270351409912,-0.00026929378509521484,0.0061811283230781555,0.7276768684387207,0.494881272315979,-0.21108567714691162,0.990514874458313,6.687641143798828e-05,0.0004075467586517334,0.026022672653198242,0.6610860824584961,0.5039241909980774,-0.03985966369509697,0.6968210339546204,-0.0038679838180541992,-0.0009850263595581055,0.013357400894165039,0.7250980138778687,0.515060544013977,-0.24402229487895966,0.983485221862793,0.00028395652770996094,0.0006610751152038574,0.027237549424171448,0.6564313173294067,0.5229728817939758,-0.05804091691970825,0.6786943078041077,-0.003274679183959961,-0.0009928345680236816,0.012794241309165955,0.7158076763153076,0.5119649767875671,-0.25846296548843384,0.982912003993988,0.0005141496658325195,0.0016633272171020508,0.018574029207229614,0.6582255363464355,0.5233336687088013,-0.0877910703420639,0.6854848861694336,-0.004583477973937988,-0.001279294490814209,0.013831131160259247,0.7145429849624634,0.5070820450782776,-0.21718649566173553,0.9710175395011902,0.0005327463150024414,0.001653134822845459,0.023638322949409485,0.6611107587814331,0.518203616142273,-0.05365654081106186,0.6688327789306641,-0.004884004592895508,-0.0010063648223876953,0.013506107032299042,0.7284576892852783,0.5044417977333069,-0.021363316103816032,0.9995766282081604,-0.0043662190437316895,-0.00029784440994262695,0.015011323615908623,0.6899042129516602,0.5078206062316895,0.02138497307896614,0.9988567233085632,-0.006302952766418457,-0.0006315112113952637,-0.015004653483629227,0.7379657030105591,0.6118255257606506,-0.05529913306236267,0.8257004022598267,-0.001031637191772461,-0.0006554722785949707,0.01280127465724945,0.6843990087509155,0.5961758494377136,-0.024453449994325638,0.6024218797683716,-0.0016964077949523926,0.001022040843963623,-0.016367122530937195,0.7432905435562134,0.6932007074356079,0.07409610599279404,0.849212646484375,1.7464160919189453e-05,-0.0016713142395019531,0.011939369142055511,0.6757222414016724,0.6926025748252869,0.11898044496774673,0.6705679893493652,-0.001701056957244873,0.00041621923446655273,-0.01836223155260086,0.7407497763633728,0.7074208855628967,0.08195947110652924,0.7975142002105713,-0.0013499259948730469,-0.0010859370231628418,0.012167185544967651,0.6765199899673462,0.70572429895401,0.12854695320129395,0.6606230139732361,-0.0038941502571105957,0.000418245792388916,-0.018532991409301758,0.7535334229469299,0.7181997299194336,-0.006682652980089188,0.8446267247200012,0.005250513553619385,-0.0030862092971801758,0.011624300852417946,0.6677316427230835,0.7134027481079102,0.03706606850028038,0.6931464672088623,0.006810009479522705,0.0009096264839172363,-0.021743010729551315
0.6919764876365662,0.3072495460510254,-0.22062978148460388,0.9994068145751953,-0.0029084086418151855,-0.0023144185543060303,-1.84476375579834e-05,0.697039008140564,0.2984873652458191,-0.21082177758216858,0.9994508624076843,-0.0030857324600219727,-0.002250880002975464,-0.0004610121250152588,0.699889600276947,0.29844987392425537,-0.21089403331279755,0.9994204640388489,-0.0029259324073791504,-0.0020956099033355713,-0.0004633665084838867,0.7029371857643127,0.298535019159317,-0.21093149483203888,0.9995586276054382,-0.0028017163276672363,-0.0019053220748901367,-0.0004777759313583374,0.6906076669692993,0.2988719642162323,-0.2048119753599167,0.9992022514343262,-0.003107428550720215,-0.0027326345443725586,0.0003389120101928711,0.6885437965393066,0.2991345524787903,-0.20482881367206573,0.9989427328109741,-0.0032237768173217773,-0.002863675355911255,0.0003449469804763794,0.686404824256897,0.2994171977043152,-0.2048739194869995,0.9988695979118347,-0.0032992959022521973,-0.0029316842555999756,0.00035934150218963623,0.7104026079177856,0.30472251772880554,-0.1421951949596405,0.9994183778762817,-0.0031324028968811035,-0.0013188421726226807,0.00012721121311187744,0.6871327757835388,0.3043960928916931,-0.11156480014324188,0.9969930052757263,-0.003867924213409424,-0.0023644864559173584,0.002567604184150696,0.6969988346099854,0.3185003995895386,-0.19449368119239807,0.9995890259742737,-0.003299713134765625,-0.002144336700439453,-0.00012861192226409912,0.6891500949859619,0.3187207877635956,-0.18723097443580627,0.999050498008728,-0.0031167268753051758,-0.002428025007247925,0.0017741620540618896,0.7345346212387085,0.3589087724685669,-0.12096785008907318,0.9999832510948181,-0.0034369230270385742,-0.0002257823944091797,-0.00019349902868270874,0.6702998280525208,0.3740083873271942,-0.02345021441578865,0.9991889595985413,-0.007990837097167969,-0.0006515383720397949,-0.004951285198330879,0.742896318435669,0.4311569929122925,-0.12143243849277496,0.9941958785057068,-0.0010303854942321777,-0.0002581477165222168,0.0048285722732543945,0.6650737524032593,0.44574296474456787,0.0376015268266201,0.5014399886131287,-0.0056841373443603516,-0.00033864378929138184,-0.001892339438199997,0.7279794216156006,0.49486008286476135,-0.2016887366771698,0.9904501438140869,0.0003025531768798828,-2.1189451217651367e-05,0.009396940469741821,0.657043993473053,0.5046411752700806,-0.03672238066792488,0.7147574424743652,-0.004042088985443115,0.0007169842720031738,0.0031372830271720886,0.7260505557060242,0.5150569081306458,-0.2329648733139038,0.98260897397995,0.0009525418281555176,-3.635883331298828e-06,0.011057421565055847,0.6526910066604614,0.5234597325325012,-0.05361483618617058,0.6938197016716003,-0.0037403106689453125,0.0004868507385253906,0.004426080733537674,0.7184996008872986,0.5123182535171509,-0.2490268051624298,0.98222416639328,0.002691924571990967,0.00035327672958374023,0.009436160326004028,0.6545138955116272,0.5240780115127563,-0.08429349213838577,0.7009721994400024,-0.0037116408348083496,0.0007443428039550781,0.003497578203678131,0.7173136472702026,0.5073625445365906,-0.20837600529193878,0.970445454120636,0.002770662307739258,0.0002804994583129883,0.008810490369796753,0.6573957800865173,0.519324004650116,-0.05076248198747635,0.6845617890357971,-0.0037149786949157715,0.0011203885078430176,0.0028940588235855103,0.7256552577018738,0.5040056705474854,-0.023725997656583786,0.9995326399803162,-0.002802431583404541,-0.0004361271858215332,-0.0023626815527677536,0.6868079900741577,0.5068897604942322,0.02378309890627861,0.9988613128662109,-0.0030962228775024414,-0.0009308457374572754,0.0023981258273124695,0.7364153861999512,0.6099548935890198,-0.05343228578567505,0.8185205459594727,-0.0015503168106079102,-0.0018706321716308594,0.001866847276687622,0.6831409335136414,0.5979833006858826,-0.008418302051723003,0.6098576784133911,-0.00125807523727417,0.0018074512481689453,0.016035147942602634,0.7362542152404785,0.693997323513031,0.07233359664678574,0.8347545266151428,-0.007036328315734863,0.0007966160774230957,-0.0017625093460083008,0.6793612241744995,0.6950178146362305,0.12737691402435303,0.6756846308708191,0.0036389827728271484,0.0024152398109436035,0.008396469056606293,0.7324337363243103,0.7082440257072449,0.07958470284938812,0.7776174545288086,-0.0083160400390625,0.0008231401443481445,-0.0023747682571411133,0.6839199662208557,0.7071470618247986,0.1355839967727661,0.6495473980903625,0.0073999762535095215,0.0014227628707885742,0.007037043571472168,0.74894118309021,0.7209379076957703,-0.00901790987700224,0.8285960555076599,-0.004592239856719971,0.00273817777633667,-0.0023352568969130516,0.6628137826919556,0.7146457433700562,0.042997606098651886,0.6918492317199707,-0.00491786003112793,0.001242995262145996,0.005931537598371506
0.6877706050872803,0.3048812448978424,-0.21726994216442108,0.9994561076164246,-0.004205882549285889,-0.0023683011531829834,0.0033598393201828003,0.6928095817565918,0.29605722427368164,-0.20763783156871796,0.9994778633117676,-0.004229426383972168,-0.002430140972137451,0.0031839460134506226,0.6957980394363403,0.29600346088409424,-0.2077116072177887,0.9994520545005798,-0.0040915608406066895,-0.002446413040161133,0.00318242609500885,0.6989455223083496,0.2960573136806488,-0.20774707198143005,0.9995798468589783,-0.003991663455963135,-0.002477705478668213,0.0031844228506088257,0.6861176490783691,0.29667431116104126,-0.20153000950813293,0.9992399215698242,-0.004490017890930176,-0.00219765305519104,0.0032819658517837524,0.6839034557342529,0.29708966612815857,-0.20155012607574463,0.9989908933639526,-0.004640340805053711,-0.002044886350631714,0.003278687596321106,0.6815298199653625,0.29756224155426025,-0.20160336792469025,0.9989181160926819,-0.004875004291534424,-0.0018549561500549316,0.003270551562309265,0.7065548300743103,0.3028187155723572,-0.14217759668827057,0.9994421601295471,-0.003847777843475342,-0.0019038021564483643,1.7598271369934082e-05,0.682297945022583,0.30335867404937744,-0.10851667076349258,0.9970769286155701,-0.0048348307609558105,-0.0010374188423156738,0.003048129379749298,0.6930832266807556,0.3166005313396454,-0.192214235663414,0.9996208548545837,-0.003915607929229736,-0.0018998682498931885,0.00227944552898407,0.6850488781929016,0.317196249961853,-0.18582049012184143,0.9991243481636047,-0.004101216793060303,-0.0015245378017425537,0.0014104843139648438,0.731636106967926,0.3588067591190338,-0.1188313364982605,0.9999813437461853,-0.0028985142707824707,-0.00010201334953308105,0.002136513590812683,0.6660785675048828,0.37354978919029236,-0.028885820880532265,0.9992407560348511,-0.0042212605476379395,-0.00045859813690185547,-0.005435606464743614,0.7427191138267517,0.43087342381477356,-0.12012473493814468,0.9944345355033875,-0.00017720460891723633,-0.0002835690975189209,0.0013077035546302795,0.6605139374732971,0.4455612003803253,0.02910235896706581,0.5394823551177979,-0.004559814929962158,-0.0001817643642425537,-0.00849916785955429,0.7293514013290405,0.4948482811450958,-0.20142745971679688,0.9906883835792542,0.0013719797134399414,-1.1801719665527344e-05,0.0002612769603729248,0.6523186564445496,0.5050992369651794,-0.04697863757610321,0.7345859408378601,-0.004725337028503418,0.00045806169509887695,-0.01025625690817833,0.7287799715995789,0.5155903100967407,-0.23239275813102722,0.9824299216270447,0.0027294158935546875,0.0005334019660949707,0.0005721151828765869,0.6488158106803894,0.5244528651237488,-0.06619275361299515,0.7114003896713257,-0.0038751959800720215,0.0009931325912475586,-0.01257791742682457,0.7222522497177124,0.5130674242973328,-0.24896958470344543,0.9821704626083374,0.0037526488304138184,0.0007491707801818848,5.7220458984375e-05,0.6508628129959106,0.5247610807418823,-0.09479395300149918,0.7185972332954407,-0.0036510825157165527,0.0006830692291259766,-0.010500460863113403,0.7209194898605347,0.5076026916503906,-0.20821967720985413,0.9707624912261963,0.0036058425903320312,0.00024014711380004883,0.00015632808208465576,0.6537275910377502,0.5198824405670166,-0.06040710210800171,0.702401340007782,-0.00366818904876709,0.0005584359169006348,-0.00964462012052536,0.7207043766975403,0.503773033618927,-0.017804598435759544,0.999515175819397,-0.004950881004333496,-0.0002326369285583496,0.005921399220824242,0.6814941763877869,0.5067828893661499,0.017862198874354362,0.9989107847213745,-0.00531381368637085,-0.00010687112808227539,-0.005920900031924248,0.730877697467804,0.6034501791000366,-0.04275907203555107,0.8130157589912415,-0.005537688732147217,-0.006504714488983154,0.010673213750123978,0.6832859516143799,0.6003273129463196,-0.014986430294811726,0.6293883323669434,0.0001450181007385254,0.0023440122604370117,-0.006568128243088722,0.7293950319290161,0.6811864376068115,0.11877463757991791,0.8213762044906616,-0.006859183311462402,-0.012810885906219482,0.04644104093313217,0.6806592345237732,0.6953238248825073,0.1402645707130432,0.6901092529296875,0.0012980103492736816,0.00030601024627685547,0.012887656688690186,0.7252068519592285,0.6939811110496521,0.13026395440101624,0.7644355893135071,-0.007226884365081787,-0.014262914657592773,0.05067925155162811,0.6843595504760742,0.7073173522949219,0.15046265721321106,0.6465845704078674,0.00043958425521850586,0.00017029047012329102,0.014878660440444946,0.7435299158096313,0.7083947062492371,0.047668032348155975,0.8172600865364075,-0.005411267280578613,-0.012543201446533203,0.056685942225158215,0.6649584770202637,0.7147819995880127,0.05832596868276596,0.7002792358398438,0.0021446943283081055,0.00013625621795654297,0.015328362584114075
0.6858009099960327,0.3046068251132965,-0.24890506267547607,0.9995036125183105,-0.0019696950912475586,-0.00027441978454589844,-0.03163512051105499,0.690195620059967,0.29525327682495117,-0.2378419190645218,0.9995092749595642,-0.002613961696624756,-0.0008039474487304688,-0.030204087495803833,0.6932207345962524,0.29509395360946655,-0.23791055381298065,0.9994869828224182,-0.0025773048400878906,-0.0009095072746276855,-0.030198946595191956,0.6963731646537781,0.2950272858142853,-0.2379538118839264,0.9996030330657959,-0.002572357654571533,-0.0010300278663635254,-0.030206739902496338,0.682993471622467,0.29601404070854187,-0.23377878963947296,0.9992843270301819,-0.0031241774559020996,-0.0006602704524993896,-0.03224878013134003,0.680595874786377,0.296476811170578,-0.23379981517791748,0.9990500807762146,-0.0033075809478759766,-0.0006128549575805664,-0.03224968910217285,0.6780628561973572,0.2970508337020874,-0.2338293343782425,0.9989767670631409,-0.003466963768005371,-0.0005114078521728516,-0.032225966453552246,0.703230082988739,0.3006504476070404,-0.15555523335933685,0.9994688034057617,-0.003324747085571289,-0.0021682679653167725,-0.013377636671066284,0.6773241758346558,0.30270063877105713,-0.1384483426809311,0.99721360206604,-0.004973769187927246,-0.0006580352783203125,-0.029931671917438507,0.6916380524635315,0.31582707166671753,-0.21781809628009796,0.9996522665023804,-0.001445174217224121,-0.0007734596729278564,-0.02560386061668396,0.6830002069473267,0.3169037103652954,-0.21282128989696503,0.9991968274116516,-0.002048671245574951,-0.0002925395965576172,-0.027000799775123596,0.7288229465484619,0.3566625714302063,-0.12052880227565765,0.999981164932251,-0.0028131604194641113,-0.0021441876888275146,-0.0016974657773971558,0.6618089079856873,0.3716428875923157,-0.05558471754193306,0.999299943447113,-0.004269659519195557,-0.0019069015979766846,-0.026698896661400795,0.7413902878761292,0.43073996901512146,-0.10576282441616058,0.9945838451385498,-0.0013288259506225586,-0.0001334547996520996,0.0143619105219841,0.6572190523147583,0.44427981972694397,0.0033148680813610554,0.5795435905456543,-0.0032948851585388184,-0.0012813806533813477,-0.025787490885704756,0.7310465574264526,0.4955098330974579,-0.19099155068397522,0.9905965924263,0.0016951560974121094,0.0006615519523620605,0.010435909032821655,0.6494797468185425,0.5066355466842651,-0.0747821033000946,0.7555527091026306,-0.00283890962600708,0.0015363097190856934,-0.027803465723991394,0.7320421934127808,0.5170012712478638,-0.22227370738983154,0.9815450310707092,0.0032622218132019043,0.0014109611511230469,0.010119050741195679,0.6452892422676086,0.5252246260643005,-0.09451901167631149,0.7315323948860168,-0.0035265684127807617,0.0007717609405517578,-0.028326258063316345,0.7259868383407593,0.5144899487495422,-0.24136093258857727,0.9815152287483215,0.003734588623046875,0.0014225244522094727,0.007608652114868164,0.6479800939559937,0.5255470275878906,-0.12534606456756592,0.7386979460716248,-0.002882719039916992,0.0007859468460083008,-0.030552111566066742,0.724342942237854,0.5085532665252686,-0.1991739571094513,0.9704365730285645,0.003423452377319336,0.0009505748748779297,0.009045720100402832,0.6509444117546082,0.5209105014801025,-0.08848468959331512,0.7229818105697632,-0.00278317928314209,0.0010280609130859375,-0.028077587485313416,0.7194908261299133,0.5036669373512268,-0.017473123967647552,0.9995130896568298,-0.0012135505676269531,-0.00010609626770019531,0.0003314744681119919,0.6799852848052979,0.5067428946495056,0.017516527324914932,0.9989424347877502,-0.0015088915824890137,-3.999471664428711e-05,-0.00034567154943943024,0.7275723218917847,0.6041584014892578,-0.04265034943819046,0.798872172832489,-0.003305375576019287,0.0007082223892211914,0.00010872259736061096,0.6828222274780273,0.6043822169303894,0.00521897803992033,0.6241888999938965,-0.00046372413635253906,0.004054903984069824,0.020205408334732056,0.7294121980667114,0.6834791302680969,0.11188743263483047,0.7993833422660828,1.71661376953125e-05,0.0022926926612854004,-0.006887204945087433,0.6821990609169006,0.6959237456321716,0.14346252381801605,0.6799888014793396,0.0015398263931274414,0.0005999207496643066,0.0031979531049728394,0.7267481088638306,0.6961671710014343,0.12253718078136444,0.7412734627723694,0.0015412569046020508,0.0021860599517822266,-0.007726773619651794,0.6842363476753235,0.7087990641593933,0.15421119332313538,0.6236110329627991,-0.00012320280075073242,0.0014817118644714355,0.0037485361099243164,0.7409347295761108,0.710974931716919,0.03613954409956932,0.7976061701774597,-0.002595186233520508,0.0025802254676818848,-0.011528488248586655,0.6651560068130493,0.7158593535423279,0.07657195627689362,0.6866114735603333,0.00019752979278564453,0.0010773539543151855,0.018245987594127655
0.681585967540741,0.3031757175922394,-0.24789372086524963,0.9995408654212952,-0.004214942455291748,-0.001431107521057129,0.0010113418102264404,0.6862662434577942,0.2937568724155426,-0.23929157853126526,0.9995236992835999,-0.0039293766021728516,-0.0014964044094085693,-0.0014496594667434692,0.6896741986274719,0.29355403780937195,-0.23936204612255096,0.9995061755180359,-0.0035465359687805176,-0.0015399158000946045,-0.0014514923095703125,0.6932058930397034,0.2935082018375397,-0.23941239714622498,0.9996122121810913,-0.003167271614074707,-0.0015190839767456055,-0.001458585262298584,0.6789571046829224,0.29451534152030945,-0.23227958381175995,0.9993016123771667,-0.004036366939544678,-0.0014986991882324219,0.0014992058277130127,0.6768440008163452,0.29490479826927185,-0.23229849338531494,0.9990714192390442,-0.0037518739700317383,-0.0015720129013061523,0.001501321792602539,0.6745198965072632,0.2954309284687042,-0.23232924938201904,0.9989898204803467,-0.003542959690093994,-0.0016199052333831787,0.0015000849962234497,0.7008863687515259,0.2987080216407776,-0.16729693114757538,0.9994850158691406,-0.0023437142372131348,-0.0019424259662628174,-0.011741697788238525,0.6748179197311401,0.300813227891922,-0.13585571944713593,0.9972385168075562,-0.002506256103515625,-0.0018874108791351318,0.002592623233795166,0.6880389451980591,0.3148195147514343,-0.21999666094779968,0.9996770620346069,-0.003599107265472412,-0.0010075569152832031,-0.002178564667701721,0.6792689561843872,0.31569841504096985,-0.21078245341777802,0.9992495179176331,-0.003731250762939453,-0.0012052953243255615,0.0020388364791870117,0.7283848524093628,0.3553919196128845,-0.13119439780712128,0.9999805092811584,-0.0004380941390991211,-0.0012706518173217773,-0.010665595531463623,0.6608635187149048,0.3704855144023895,-0.04726286232471466,0.999346137046814,-0.0009453892707824707,-0.0011573731899261475,0.008321855217218399,0.740347146987915,0.43009132146835327,-0.12456496059894562,0.9947512745857239,-0.0010431408882141113,-0.0006486475467681885,-0.018802136182785034,0.6563206911087036,0.4437430799007416,0.017893321812152863,0.6089206337928772,-0.0008983612060546875,-0.0005367398262023926,0.014578453730791807,0.7321245074272156,0.49567657709121704,-0.20098237693309784,0.9905003309249878,0.0010779500007629395,0.00016674399375915527,-0.00999082624912262,0.6483712196350098,0.5060826539993286,-0.0560062900185585,0.7724596261978149,-0.0011085271835327148,-0.0005528926849365234,0.018775813281536102,0.7337279319763184,0.5175092220306396,-0.2316431701183319,0.9808903932571411,0.0016857385635375977,0.0005079507827758789,-0.009369462728500366,0.6435604095458984,0.5247296690940857,-0.07251325249671936,0.7473925352096558,-0.001728832721710205,-0.0004949569702148438,0.022005759179592133,0.7277759313583374,0.5148386359214783,-0.248739555478096,0.9810371994972229,0.001789093017578125,0.00034868717193603516,-0.007378622889518738,0.6457785367965698,0.5248382091522217,-0.10440635681152344,0.754601001739502,-0.002201557159423828,-0.0007088184356689453,0.02093970775604248,0.7258739471435547,0.5088534355163574,-0.20807132124900818,0.9703154563903809,0.0015310049057006836,0.0003001689910888672,-0.008897364139556885,0.6489835977554321,0.5200774073600769,-0.0702485516667366,0.7394112348556519,-0.0019608139991760254,-0.0008330941200256348,0.01823613792657852,0.7170418500900269,0.5036519765853882,-0.025590231642127037,0.9995144009590149,-0.0024489760398864746,-1.4960765838623047e-05,-0.008117107674479485,0.6766140460968018,0.5066667795181274,0.02563822641968727,0.998975396156311,-0.0033712387084960938,-7.611513137817383e-05,0.008121699094772339,0.7237259149551392,0.6042178869247437,-0.04754166305065155,0.7950991988182068,-0.003846406936645508,5.9485435485839844e-05,-0.00489131361246109,0.678844690322876,0.6045499444007874,0.02340470626950264,0.6311173439025879,-0.003977537155151367,0.00016772747039794922,0.01818572822958231,0.7305964231491089,0.6849096417427063,0.1027926579117775,0.7914498448371887,0.001184225082397461,0.001430511474609375,-0.009094774723052979,0.6815800666809082,0.695823609828949,0.18986234068870544,0.6828864216804504,-0.0006189942359924316,-0.00010013580322265625,0.04639981687068939,0.7291460633277893,0.6977176070213318,0.11276701837778091,0.7243253588676453,0.0023979544639587402,0.001550436019897461,-0.009770162403583527,0.6852662563323975,0.7087472081184387,0.2017386257648468,0.6202824711799622,0.0010299086570739746,-5.1856040954589844e-05,0.047527432441711426,0.7408169507980347,0.7127748727798462,0.027092624455690384,0.7887366414070129,-0.00011777877807617188,0.001799941062927246,-0.009046919643878937,0.6593946218490601,0.7165495753288269,0.11643186956644058,0.6865801811218262,-0.005761384963989258,0.0006902217864990234,0.03985991328954697
0.6793102025985718,0.3019956648349762,-0.24444696307182312,0.9995781779289246,-0.0022757649421691895,-0.0011800527572631836,0.0034467577934265137,0.6842762231826782,0.29274782538414,-0.2355167418718338,0.9995452761650085,-0.001990020275115967,-0.0010090470314025879,0.0037748366594314575,0.6876920461654663,0.2926495671272278,-0.23558644950389862,0.9995309710502625,-0.0019821524620056152,-0.000904470682144165,0.0037755966186523438,0.6912554502487183,0.29276102781295776,-0.2356373518705368,0.9996286630630493,-0.0019504427909851074,-0.0007471740245819092,0.0037750452756881714,0.676658034324646,0.29330766201019287,-0.22874966263771057,0.9993290305137634,-0.002299070358276367,-0.0012076795101165771,0.0035299211740493774,0.6744604110717773,0.29363152384757996,-0.22876286506652832,0.9991066455841064,-0.002383589744567871,-0.0012732744216918945,0.003535628318786621,0.6720201969146729,0.2940831780433655,-0.2287888079881668,0.9990233778953552,-0.002499699592590332,-0.0013477504253387451,0.003540441393852234,0.6985507607460022,0.297884076833725,-0.16505934298038483,0.9995042681694031,-0.0023356080055236816,-0.0008239448070526123,0.0022375881671905518,0.672115683555603,0.29937729239463806,-0.13288350403308868,0.9973094463348389,-0.0027022361755371094,-0.0014359354972839355,0.002972215414047241,0.6856428384780884,0.3139476478099823,-0.21653708815574646,0.9997017979621887,-0.002396106719970703,-0.0008718669414520264,0.0034595727920532227,0.677089512348175,0.3143991231918335,-0.20758959650993347,0.99930340051651,-0.002179443836212158,-0.0012992918491363525,0.0031928569078445435,0.7251883745193481,0.3551453649997711,-0.12529857456684113,0.9999805092811584,-0.0031964778900146484,-0.0002465546131134033,0.005895823240280151,0.6578236818313599,0.36889171600341797,-0.04718468338251114,0.9993909597396851,-0.003039836883544922,-0.0015937983989715576,7.817894220352173e-05,0.7380597591400146,0.4280376434326172,-0.11127233505249023,0.9948242902755737,-0.0022873878479003906,-0.002053678035736084,0.013292625546455383,0.6541576981544495,0.4428345561027527,0.014560719020664692,0.6370178461074829,-0.0021629929542541504,-0.0009085237979888916,-0.0033326027914881706,0.7332707643508911,0.4947735369205475,-0.19228912889957428,0.9903901219367981,0.0011462569236755371,-0.0009030401706695557,0.00869324803352356,0.6444351673126221,0.5056696534156799,-0.05858366936445236,0.788007378578186,-0.003936052322387695,-0.00041300058364868164,-0.00257737934589386,0.735319972038269,0.517466127872467,-0.22193948924541473,0.9801907539367676,0.0015920400619506836,-4.309415817260742e-05,0.009703680872917175,0.6396679282188416,0.5244652032852173,-0.07570555061101913,0.7621012926101685,-0.0038924813270568848,-0.0002644658088684082,-0.003192298114299774,0.7297185659408569,0.5146652460098267,-0.24096639454364777,0.9805116653442383,0.0019426345825195312,-0.00017338991165161133,0.007773160934448242,0.6417433619499207,0.524598240852356,-0.1074901819229126,0.7693315148353577,-0.00403517484664917,-0.00023996829986572266,-0.00308382511138916,0.7275721430778503,0.5087283849716187,-0.2004537284374237,0.9701222777366638,0.0016981959342956543,-0.00012505054473876953,0.007617592811584473,0.6448138952255249,0.5195633172988892,-0.07288601249456406,0.7546021342277527,-0.0041697025299072266,-0.0005140900611877441,-0.0026374608278274536,0.7128700017929077,0.5035215020179749,-0.023179825395345688,0.99952232837677,-0.004171848297119141,-0.00013047456741333008,0.002410406246781349,0.6721659302711487,0.505180299282074,0.023198850452899933,0.9990056157112122,-0.004448115825653076,-0.0014864802360534668,-0.0024393759667873383,0.71891188621521,0.6044140458106995,-0.0530552975833416,0.786628246307373,-0.004814028739929199,0.00019615888595581055,-0.005513634532690048,0.6758910417556763,0.6047848463058472,0.016163446009159088,0.6319372057914734,-0.002953648567199707,0.00023490190505981445,-0.007241260260343552,0.7209727764129639,0.6861581802368164,0.09247945249080658,0.7792895436286926,-0.00962364673614502,0.0012485384941101074,-0.010313205420970917,0.6807461977005005,0.6958072185516357,0.18303605914115906,0.6760375499725342,-0.0008338689804077148,-1.6391277313232422e-05,-0.006826281547546387,0.718950092792511,0.6989859938621521,0.10211245715618134,0.702339231967926,-0.01019597053527832,0.0012683868408203125,-0.010654561221599579,0.6851804256439209,0.708770751953125,0.19338926672935486,0.6051158308982849,-8.58306884765625e-05,2.3543834686279297e-05,-0.008349359035491943,0.7304893136024475,0.7141512632369995,0.014389196410775185,0.7770482301712036,-0.010327637195587158,0.0013763904571533203,-0.0127034280449152,0.6606197357177734,0.7176380157470703,0.10846264660358429,0.6793635487556458,0.001225113868713379,0.0010884404182434082,-0.007969222962856293
0.6762502193450928,0.297579288482666,-0.2466648519039154,0.9996132254600525,-0.003059983253479004,-0.004416376352310181,-0.002217888832092285,0.6809481382369995,0.28860610723495483,-0.23860406875610352,0.9995710849761963,-0.003328084945678711,-0.004141718149185181,-0.0030873268842697144,0.6842992901802063,0.28849971294403076,-0.23867936432361603,0.9995590448379517,-0.0033927559852600098,-0.0041498541831970215,-0.0030929148197174072,0.6878079175949097,0.28857964277267456,-0.23873953521251678,0.9996486306190491,-0.0034475326538085938,-0.004181385040283203,-0.0031021833419799805,0.6735532879829407,0.2894381582736969,-0.23076596856117249,0.9993638396263123,-0.0031047463417053223,-0.0038695037364959717,-0.002016305923461914,0.6712743639945984,0.28996559977531433,-0.2307756394147873,0.9991515874862671,-0.003186047077178955,-0.003665924072265625,-0.002012774348258972,0.6687873005867004,0.29062584042549133,-0.23080451786518097,0.9990699291229248,-0.003232896327972412,-0.0034573376178741455,-0.00201570987701416,0.6956718564033508,0.294012188911438,-0.17012807726860046,0.9995316863059998,-0.002878904342651367,-0.0038718879222869873,-0.005068734288215637,0.6695860028266907,0.2967131435871124,-0.13410158455371857,0.99742591381073,-0.0025296807289123535,-0.0026641488075256348,-0.0012180805206298828,0.6827271580696106,0.3089343011379242,-0.21975238621234894,0.9997259378433228,-0.002915680408477783,-0.0050133466720581055,-0.003215298056602478,0.6743586659431458,0.3096533715724945,-0.20941802859306335,0.9993570446968079,-0.002730846405029297,-0.004745751619338989,-0.0018284320831298828,0.7238196134567261,0.3518887460231781,-0.13063009083271027,0.9999802708625793,-0.0013687610626220703,-0.0032566189765930176,-0.005331516265869141,0.6576413512229919,0.3669649064540863,-0.04600495845079422,0.9994297027587891,-0.00018233060836791992,-0.001926809549331665,0.001179724931716919,0.7363010048866272,0.42629969120025635,-0.12096437066793442,0.9947388172149658,-0.0017587542533874512,-0.0017379522323608398,-0.009692035615444183,0.6521601676940918,0.44131776690483093,0.01674431748688221,0.6577035784721375,-0.001997530460357666,-0.001516789197921753,0.002183598466217518,0.733747124671936,0.49389734864234924,-0.19817449152469635,0.9899486303329468,0.0004763603210449219,-0.0008761882781982422,-0.00588536262512207,0.6424559354782104,0.5046945214271545,-0.05446816608309746,0.8003523349761963,-0.001979231834411621,-0.0009751319885253906,0.004115503281354904,0.7357943654060364,0.5174220204353333,-0.22760896384716034,0.9789050817489624,0.000474393367767334,-4.410743713378906e-05,-0.0056694746017456055,0.6374372243881226,0.5236756205558777,-0.06967299431562424,0.7731751799583435,-0.002230703830718994,-0.0007895827293395996,0.0060325562953948975,0.7309183478355408,0.5145444869995117,-0.24570254981517792,0.9794466495513916,0.0011997818946838379,-0.0001207590103149414,-0.004736155271530151,0.6400643587112427,0.523567795753479,-0.10128603875637054,0.7805065512657166,-0.0016790032386779785,-0.0010304450988769531,0.006204143166542053,0.728722095489502,0.5086357593536377,-0.20585444569587708,0.9692662954330444,0.0011499524116516113,-9.262561798095703e-05,-0.005400717258453369,0.643297016620636,0.5188393592834473,-0.06863991916179657,0.7661137580871582,-0.001516878604888916,-0.0007239580154418945,0.004246093332767487,0.7101138830184937,0.49992474913597107,-0.025011638179421425,0.9995238184928894,-0.0027561187744140625,-0.003596752882003784,-0.001831812784075737,0.6702509522438049,0.5001497864723206,0.025030668824911118,0.9990216493606567,-0.00191497802734375,-0.005030512809753418,0.0018318183720111847,0.7140070199966431,0.6023233532905579,-0.06054273992776871,0.7761126160621643,-0.0049048662185668945,-0.0020906925201416016,-0.007487442344427109,0.6751701831817627,0.6044030785560608,0.016669834032654762,0.6252850890159607,-0.0007208585739135742,-0.00038176774978637695,0.0005063880234956741,0.7124808430671692,0.6838894486427307,0.10057646036148071,0.7657510042190552,-0.008491933345794678,-0.0022687315940856934,0.008097007870674133,0.679852306842804,0.6957703232765198,0.18323960900306702,0.6689406633377075,-0.0008938908576965332,-3.68952751159668e-05,0.00020354986190795898,0.7104357481002808,0.6959773302078247,0.11259891092777252,0.6858559846878052,-0.008514344692230225,-0.0030086636543273926,0.010486453771591187,0.6843093633651733,0.7088595032691956,0.19484630227088928,0.5934808254241943,-0.0008710622787475586,8.875131607055664e-05,0.0014570355415344238,0.7205014228820801,0.7130035161972046,0.028886135667562485,0.7657032608985901,-0.009987890720367432,-0.0011477470397949219,0.0144969392567873,0.6613226532936096,0.7178547978401184,0.10827215015888214,0.6726890802383423,0.0007029175758361816,0.0002167820930480957,-0.00019049644470214844
0.6747074127197266,0.29549577832221985,-0.2480199784040451,0.999648928642273,-0.001542806625366211,-0.002083510160446167,-0.0013551265001296997,0.6789196729660034,0.28638312220573425,-0.23877057433128357,0.9996050000190735,-0.0020284652709960938,-0.002222985029220581,-0.0001665055751800537,0.6821969747543335,0.28617826104164124,-0.23883409798145294,0.9995942711830139,-0.0021023154258728027,-0.0023214519023895264,-0.00015473365783691406,0.6854983568191528,0.28616029024124146,-0.23888596892356873,0.9996755719184875,-0.002309560775756836,-0.0024193525314331055,-0.00014643371105194092,0.6715660095214844,0.28773021697998047,-0.2326342612504959,0.9994134306907654,-0.001987278461456299,-0.0017079412937164307,-0.0018682926893234253,0.6692825555801392,0.2884451746940613,-0.23264849185943604,0.9992178082466125,-0.0019918084144592285,-0.0015204250812530518,-0.0018728524446487427,0.6667589545249939,0.28923702239990234,-0.23266956210136414,0.9991410374641418,-0.002028346061706543,-0.0013888180255889893,-0.0018650442361831665,0.6931682825088501,0.29166141152381897,-0.16783151030540466,0.999566376209259,-0.0025035738945007324,-0.0023507773876190186,0.0022965669631958008,0.667061448097229,0.29553359746932983,-0.1379198133945465,0.9976163506507874,-0.00252455472946167,-0.0011795461177825928,-0.003818228840827942,0.6813675761222839,0.3070024251937866,-0.21971789002418518,0.999750554561615,-0.0013595819473266602,-0.0019318759441375732,3.4496188163757324e-05,0.6728941202163696,0.30811989307403564,-0.21160092949867249,0.9994138479232788,-0.001464545726776123,-0.0015334784984588623,-0.002182900905609131,0.7215012311935425,0.35113832354545593,-0.12424936145544052,0.9999805688858032,-0.0023183822631835938,-0.000750422477722168,0.006380729377269745,0.6552998423576355,0.36530938744544983,-0.05457692593336105,0.9994711875915527,-0.0023415088653564453,-0.0016555190086364746,-0.008571967482566833,0.7349440455436707,0.4246474504470825,-0.10508910566568375,0.9947972893714905,-0.001356959342956543,-0.0016522407531738281,0.01587526500225067,0.6486122608184814,0.43907687067985535,0.002698736498132348,0.6829256415367126,-0.0035479068756103516,-0.002240896224975586,-0.014045580988749862,0.7344780564308167,0.4913727939128876,-0.1863180249929428,0.9899806976318359,0.0007309317588806152,-0.00252455472946167,0.01185646653175354,0.6405178308486938,0.5014835000038147,-0.06693755835294724,0.8142132759094238,-0.0019381046295166016,-0.0032110214233398438,-0.012469392269849777,0.7373597025871277,0.5151192545890808,-0.2147870510816574,0.9785903096199036,0.0015653371810913086,-0.0023027658462524414,0.01282191276550293,0.6351557374000549,0.5215570330619812,-0.08305716514587402,0.7862957119941711,-0.002281486988067627,-0.0021185874938964844,-0.013384170830249786,0.7320508360862732,0.5129379034042358,-0.23494629561901093,0.9792843461036682,0.0011324882507324219,-0.001606583595275879,0.010756254196166992,0.638221263885498,0.5210319757461548,-0.11430563777685165,0.7935066819190979,-0.001843094825744629,-0.0025358200073242188,-0.01301959902048111,0.7295179963111877,0.5063256025314331,-0.1951456367969513,0.9694805145263672,0.000795900821685791,-0.00231015682220459,0.010708808898925781,0.6415027379989624,0.5165368318557739,-0.08077812194824219,0.7796459197998047,-0.001794278621673584,-0.00230252742767334,-0.012138202786445618,0.709269106388092,0.4965496063232422,-0.02295813336968422,0.9995317459106445,-0.0008447766304016113,-0.003375142812728882,0.0020535048097372055,0.6689934730529785,0.4969414174556732,0.022949110716581345,0.9990535378456116,-0.001257479190826416,-0.003208369016647339,-0.002081558108329773,0.7112504243850708,0.6014493107795715,-0.062253743410110474,0.7712922692298889,-0.0027565956115722656,-0.0008740425109863281,-0.0017110034823417664,0.6745734810829163,0.6037300229072571,0.010610819794237614,0.6229264140129089,-0.0005967020988464355,-0.0006730556488037109,-0.006059014238417149,0.7117005586624146,0.6846700310707092,0.0921185314655304,0.7572895884513855,-0.0007802844047546387,0.0007805824279785156,-0.008457928895950317,0.6786905527114868,0.696186363697052,0.17187848687171936,0.6662573218345642,-0.0011617541313171387,0.00041604042053222656,-0.011361122131347656,0.7093548774719238,0.6969013214111328,0.10280965268611908,0.669938325881958,-0.0010808706283569336,0.0009239912033081055,-0.009789258241653442,0.6834753155708313,0.7093250155448914,0.18321485817432404,0.5835813879966736,-0.000834047794342041,0.0004655122756958008,-0.011631444096565247,0.7192100882530212,0.7141911387443542,0.017777955159544945,0.7571099400520325,-0.0012913346290588379,0.0011876225471496582,-0.01110818050801754,0.6595569849014282,0.7182945609092712,0.09270119667053223,0.668940544128418,-0.0017656683921813965,0.00043976306915283203,-0.015570953488349915
0.6722998023033142,0.29050320386886597,-0.2641424536705017,0.9996775984764099,-0.0024076104164123535,-0.004992574453353882,-0.016122475266456604,0.6771520376205444,0.2823943495750427,-0.2549155354499817,0.9996256828308105,-0.0017676353454589844,-0.003988772630691528,-0.01614496111869812,0.6805380582809448,0.2823661267757416,-0.25498539209365845,0.9996169805526733,-0.0016589164733886719,-0.003812134265899658,-0.016151294112205505,0.6841164231300354,0.2824924886226654,-0.25505730509757996,0.9996923208236694,-0.0013819336891174316,-0.00366780161857605,-0.01617133617401123,0.6698664426803589,0.2832074761390686,-0.24914613366127014,0.9994429349899292,-0.0016995668411254883,-0.004522740840911865,-0.01651187241077423,0.6677392721176147,0.2837103009223938,-0.24916379153728485,0.9992570877075195,-0.001543283462524414,-0.0047348737716674805,-0.016515299677848816,0.6652953624725342,0.2844012677669525,-0.2491917908191681,0.9991815686225891,-0.0014635920524597168,-0.004835754632949829,-0.016522228717803955,0.6923611164093018,0.2886582314968109,-0.18138274550437927,0.9995881915092468,-0.0008071660995483398,-0.0030031800270080566,-0.01355123519897461,0.6660594940185547,0.2917608320713043,-0.15505661070346832,0.9977213144302368,-0.0010019540786743164,-0.0037727653980255127,-0.017136797308921814,0.6787129640579224,0.30257701873779297,-0.23535534739494324,0.9997700452804565,-0.0026546120643615723,-0.004425406455993652,-0.015637457370758057,0.6704924702644348,0.3030043840408325,-0.22784288227558136,0.9994577169418335,-0.0024016499519348145,-0.005115509033203125,-0.016241952776908875,0.7200546264648438,0.34969690442085266,-0.1345120072364807,0.9999796748161316,-0.0014466047286987305,-0.0014414191246032715,-0.010262645781040192,0.6521564722061157,0.3640177845954895,-0.0672621950507164,0.9994939565658569,-0.0031433701515197754,-0.0012916028499603271,-0.012685269117355347,0.7338567972183228,0.423591673374176,-0.11596696078777313,0.9947757124900818,-0.0010872483253479004,-0.0010557770729064941,-0.010877855122089386,0.6447632312774658,0.43733900785446167,-0.00809716247022152,0.6999931335449219,-0.003849029541015625,-0.0017378628253936768,-0.010795898968353868,0.7354546785354614,0.4907052218914032,-0.18944314122200012,0.9894958734512329,0.0009766221046447754,-0.000667572021484375,-0.003125116229057312,0.6368734240531921,0.5011975765228271,-0.07479690760374069,0.8210594654083252,-0.003644406795501709,-0.00028592348098754883,-0.007859349250793457,0.7397007346153259,0.5147538781166077,-0.21724438667297363,0.9771928191184998,0.002341032028198242,-0.00036537647247314453,-0.002457335591316223,0.6322689652442932,0.5206527709960938,-0.08989907801151276,0.7907648682594299,-0.0028867721557617188,-0.0009042620658874512,-0.006841912865638733,0.7338528633117676,0.5128763914108276,-0.23748087882995605,0.97812819480896,0.0018020272254943848,-6.151199340820312e-05,-0.0025345832109451294,0.6350331902503967,0.5199573040008545,-0.12194085121154785,0.7983366250991821,-0.0031880736351013184,-0.001074671745300293,-0.0076352134346961975,0.7307850122451782,0.5063064694404602,-0.1980733871459961,0.9685903787612915,0.0012670159339904785,-1.913309097290039e-05,-0.0029277503490448,0.6381545662879944,0.5156347751617432,-0.0889258161187172,0.7850452065467834,-0.0033481717109680176,-0.0009020566940307617,-0.008147694170475006,0.7081180810928345,0.49374791979789734,-0.024042746052145958,0.9995213747024536,-0.0011510252952575684,-0.0028016865253448486,-0.0010846126824617386,0.6670044660568237,0.49475541710853577,0.024046089500188828,0.9990495443344116,-0.001989006996154785,-0.002186000347137451,0.001096978783607483,0.7064393758773804,0.599412202835083,-0.060068584978580475,0.7629192471504211,-0.00481104850769043,-0.0020371079444885254,0.0021851584315299988,0.6724914312362671,0.6027753949165344,0.013354107737541199,0.6099919676780701,-0.00208204984664917,-0.0009546279907226562,0.002743287943303585,0.7019532918930054,0.6854520440101624,0.1022091656923294,0.7459845542907715,-0.00974726676940918,0.000782012939453125,0.010090634226799011,0.678081750869751,0.6962624788284302,0.1723932921886444,0.6570473313331604,-0.0006088018417358398,7.611513137817383e-05,0.0005148053169250488,0.6995724439620972,0.6978912949562073,0.11344313621520996,0.6539299488067627,-0.00978243350982666,0.0009899735450744629,0.010633483529090881,0.6839932799339294,0.7105734348297119,0.1837201863527298,0.5700189471244812,0.0005179643630981445,0.0012484192848205566,0.0005053281784057617,0.7077462673187256,0.7148540019989014,0.028781622648239136,0.7463100552558899,-0.011463820934295654,0.0006628632545471191,0.011003667488694191,0.6559969782829285,0.719273567199707,0.09374089539051056,0.6599892377853394,-0.003560006618499756,0.000979006290435791,0.0010396987199783325
0.6713355779647827,0.2883795201778412,-0.2564777731895447,0.9997064471244812,-0.0009642243385314941,-0.0021236836910247803,0.007664680480957031,0.6761153340339661,0.2800101637840271,-0.24727049469947815,0.9996530413627625,-0.0010367035865783691,-0.002384185791015625,0.00764504075050354,0.6795458197593689,0.28002405166625977,-0.2473386824131012,0.999645471572876,-0.0009922385215759277,-0.0023420751094818115,0.007646709680557251,0.6833022832870483,0.2802043557167053,-0.24740104377269745,0.9997145533561707,-0.0008141398429870605,-0.002288132905960083,0.007656261324882507,0.6690188050270081,0.28050893545150757,-0.2410452663898468,0.999483585357666,-0.0008476376533508301,-0.002698540687561035,0.00810086727142334,0.6669728755950928,0.2808481752872467,-0.2410620003938675,0.9993112683296204,-0.0007663965225219727,-0.0028621256351470947,0.008101791143417358,0.6648917198181152,0.2813505232334137,-0.24108938872814178,0.9992407560348511,-0.0004036426544189453,-0.0030507445335388184,0.008102402091026306,0.691879153251648,0.28638139367103577,-0.17572717368602753,0.9996175169944763,-0.0004819631576538086,-0.0022768378257751465,0.005655571818351746,0.6659337282180786,0.2886030077934265,-0.14676201343536377,0.9978842735290527,-0.00012576580047607422,-0.0031578242778778076,0.008294597268104553,0.6772350072860718,0.30046406388282776,-0.2282932549715042,0.999789834022522,-0.001477956771850586,-0.00211295485496521,0.007062092423439026,0.6692816615104675,0.3004506826400757,-0.2202339917421341,0.999504029750824,-0.0012108087539672852,-0.002553701400756836,0.007608890533447266,0.719601035118103,0.348289430141449,-0.1318705976009369,0.99997878074646,-0.00045359134674072266,-0.0014074742794036865,0.0026414096355438232,0.6502091288566589,0.3617905080318451,-0.059645406901836395,0.9995188117027283,-0.0019473433494567871,-0.002227276563644409,0.007616788148880005,0.7326771020889282,0.42261216044425964,-0.11144600808620453,0.9948047399520874,-0.0011796951293945312,-0.0009795129299163818,0.0045209527015686035,0.6416190266609192,0.43444162607192993,-0.0023904317058622837,0.7186375260353088,-0.003144204616546631,-0.0028973817825317383,0.005706730764359236,0.7360847592353821,0.48867836594581604,-0.18855497241020203,0.9893640279769897,0.0006300806999206543,-0.002026855945587158,0.0008881688117980957,0.6336268782615662,0.4964834153652191,-0.07304780185222626,0.8299896121025085,-0.0032465457916259766,-0.004714161157608032,0.0017491057515144348,0.7408707737922668,0.5125253200531006,-0.21668139100074768,0.9766480922698975,0.001170039176940918,-0.00222855806350708,0.0005629956722259521,0.6295265555381775,0.5172951817512512,-0.0889514610171318,0.7982273101806641,-0.0027424097061157227,-0.0033575892448425293,0.0009476169943809509,0.7345486879348755,0.5113717317581177,-0.2380562126636505,0.9777345657348633,0.0006958246231079102,-0.001504659652709961,-0.000575333833694458,0.6322832107543945,0.5162183046340942,-0.12078294903039932,0.8060019612312317,-0.0027499794960021973,-0.003738999366760254,0.001157902181148529,0.7313236594200134,0.5050089359283447,-0.19778099656105042,0.9685239195823669,0.0005386471748352051,-0.0012975335121154785,0.0002923905849456787,0.635211169719696,0.51090407371521,-0.08723730593919754,0.7931042909622192,-0.00294339656829834,-0.004730701446533203,0.0016885101795196533,0.7073830962181091,0.4931681454181671,-0.023708507418632507,0.9995027780532837,-0.0007349848747253418,-0.0005797743797302246,0.0003342386335134506,0.6662462949752808,0.4936369061470032,0.023721804842352867,0.9990507364273071,-0.0007581710815429688,-0.0011185109615325928,-0.0003242846578359604,0.7058790326118469,0.5998706817626953,-0.06060785800218582,0.7638747096061707,-0.0005603432655334473,0.0004584789276123047,-0.0005392730236053467,0.67013019323349,0.6026592254638672,0.005439047701656818,0.6172793507575989,-0.0023612380027770996,-0.00011616945266723633,-0.00791506003588438,0.6949281096458435,0.6888426542282104,0.09405533969402313,0.7456467151641846,-0.007025182247161865,0.0033906102180480957,-0.008153825998306274,0.6757766008377075,0.6975752711296082,0.15114229917526245,0.6646803617477417,-0.002305150032043457,0.0013127923011779785,-0.021250993013381958,0.6914850473403931,0.7016264796257019,0.10445858538150787,0.6486074924468994,-0.008087396621704102,0.003735184669494629,-0.008984550833702087,0.6814362406730652,0.7128957509994507,0.16032537817955017,0.5693976283073425,-0.002557039260864258,0.0023223161697387695,-0.023394808173179626,0.700775682926178,0.7203916311264038,0.02122664824128151,0.7458114624023438,-0.006970584392547607,0.005537629127502441,-0.007554974406957626,0.6526693105697632,0.7216442823410034,0.06800380349159241,0.6653532981872559,-0.003327667713165283,0.0023707151412963867,-0.025737091898918152
0.6703218817710876,0.28648561239242554,-0.2642345428466797,0.9997333884239197,-0.0010136961936950684,-0.0018939077854156494,-0.00775676965713501,0.6750314831733704,0.27797937393188477,-0.25371208786964417,0.9996803998947144,-0.0010838508605957031,-0.002030789852142334,-0.006441593170166016,0.678392767906189,0.27796489000320435,-0.2537645697593689,0.9996737241744995,-0.0011530518531799316,-0.00205916166305542,-0.0064258873462677,0.6820727586746216,0.2781812250614166,-0.2538098394870758,0.9997366666793823,-0.0012295246124267578,-0.0020231306552886963,-0.006408795714378357,0.6679372787475586,0.27867889404296875,-0.24957354366779327,0.9995233416557312,-0.0010815262794494629,-0.0018300414085388184,-0.008528277277946472,0.6657288670539856,0.27915722131729126,-0.24960196018218994,0.9993650913238525,-0.0012440085411071777,-0.0016909539699554443,-0.008539959788322449,0.6635996103286743,0.2798127830028534,-0.24963600933551788,0.9993003010749817,-0.001292109489440918,-0.0015377402305603027,-0.008546620607376099,0.6905818581581116,0.28446969389915466,-0.17502973973751068,0.9996448159217834,-0.001297295093536377,-0.0019116997718811035,0.0006974339485168457,0.6646795868873596,0.287382036447525,-0.1558021754026413,0.9980475306510925,-0.0012541413307189941,-0.0012209713459014893,-0.009040161967277527,0.6765180230140686,0.29885250329971313,-0.2334531843662262,0.9998087286949158,-0.0007169842720031738,-0.001611560583114624,-0.005159929394721985,0.6683052182197571,0.2990116477012634,-0.22822174429893494,0.9995487928390503,-0.0009764432907104492,-0.0014390349388122559,-0.007987752556800842,0.7186222076416016,0.34756413102149963,-0.12568019330501556,0.9999788999557495,-0.0009788274765014648,-0.0007252991199493408,0.006190404295921326,0.6485256552696228,0.3580765724182129,-0.07567229866981506,0.9995526671409607,-0.0016834735870361328,-0.003713935613632202,-0.016026891767978668,0.7318679094314575,0.4217469394207001,-0.10157793760299683,0.9946861863136292,-0.0008091926574707031,-0.0008652210235595703,0.009868070483207703,0.6375123858451843,0.4288367033004761,-0.022591959685087204,0.7418677806854248,-0.004106640815734863,-0.005604922771453857,-0.02020152797922492,0.7365001440048218,0.48791640996932983,-0.18829360604286194,0.9892805814743042,0.00041538476943969727,-0.0007619559764862061,0.0002613663673400879,0.6307793855667114,0.4933670461177826,-0.09239736199378967,0.8412572145462036,-0.0028474926948547363,-0.0031163692474365234,-0.019349560141563416,0.7413750886917114,0.5113175511360168,-0.2158840149641037,0.9763303995132446,0.0005043148994445801,-0.0012077689170837402,0.0007973760366439819,0.6262868642807007,0.5139982104301453,-0.11030694097280502,0.8088544011116028,-0.0032396912574768066,-0.003296971321105957,-0.021355479955673218,0.7355139255523682,0.5105845928192139,-0.23923435807228088,0.9775732755661011,0.0009652376174926758,-0.0007871389389038086,-0.001178145408630371,0.6295527219772339,0.513122022151947,-0.1407364308834076,0.8166581988334656,-0.0027304887771606445,-0.003096282482147217,-0.01995348185300827,0.7323603630065918,0.5044164061546326,-0.19851352274417877,0.9687100648880005,0.0010367035865783691,-0.0005925297737121582,-0.0007325261831283569,0.6325984597206116,0.5078714489936829,-0.10589617490768433,0.8041873574256897,-0.0026127099990844727,-0.0030326247215270996,-0.018658868968486786,0.7061913013458252,0.4913999140262604,-0.014782579615712166,0.9994991421699524,-0.0011917948722839355,-0.0017682313919067383,0.008925927802920341,0.6640154719352722,0.490776926279068,0.01475719828158617,0.999059796333313,-0.002230823040008545,-0.0028599798679351807,-0.008964606560766697,0.7036263346672058,0.5986613035202026,-0.05789407342672348,0.7656305432319641,-0.0022526979446411133,-0.0012093782424926758,0.0027137845754623413,0.6686352491378784,0.6019464731216431,-0.011585351079702377,0.6271191239356995,-0.0014949440956115723,-0.0007127523422241211,-0.017024398781359196,0.6958361864089966,0.6858943104743958,0.11806217581033707,0.7411490082740784,0.0009080767631530762,-0.0029483437538146973,0.024006836116313934,0.6714929342269897,0.6955021619796753,0.15303482115268707,0.6629719734191895,-0.0042836666107177734,-0.0020731091499328613,0.0018925219774246216,0.6928286552429199,0.6967147588729858,0.13086149096488953,0.6353443264961243,0.0013436079025268555,-0.0049117207527160645,0.026402905583381653,0.6755139231681824,0.7068997025489807,0.16418421268463135,0.5518943667411804,-0.0059223175048828125,-0.005996048450469971,0.0038588345050811768,0.6992946863174438,0.7172437906265259,0.04264182597398758,0.7418595552444458,-0.0014809966087341309,-0.0031478404998779297,0.02141517773270607,0.6551645398139954,0.7215286493301392,0.06917239725589752,0.6630284786224365,0.0024952292442321777,-0.00011563301086425781,0.0011685937643051147
0.6701077818870544,0.2866431176662445,-0.26418477296829224,0.9997564554214478,-0.00021409988403320312,0.00015750527381896973,4.976987838745117e-05,0.6749956011772156,0.2777251601219177,-0.25373023748397827,0.9996998906135559,-3.5881996154785156e-05,-0.000254213809967041,-1.8149614334106445e-05,0.678537130355835,0.27781257033348083,-0.25377658009529114,0.9996938705444336,0.0001443624496459961,-0.00015231966972351074,-1.2010335922241211e-05,0.6821836829185486,0.2781408429145813,-0.25381261110305786,0.9997512698173523,0.00011092424392700195,-4.038214683532715e-05,-2.771615982055664e-06,0.6677036285400391,0.27811193466186523,-0.2501801550388336,0.9995546936988831,-0.00023365020751953125,-0.0005669593811035156,-0.0006066113710403442,0.6653622388839722,0.27848517894744873,-0.2502094805240631,0.9994074702262878,-0.00036662817001342773,-0.0006720423698425293,-0.0006075203418731689,0.6632312536239624,0.27905985713005066,-0.2502515912055969,0.9993475675582886,-0.00036835670471191406,-0.0007529258728027344,-0.0006155818700790405,0.6901425123214722,0.2842811644077301,-0.17386376857757568,0.999660849571228,-0.0004393458366394043,-0.00018852949142456055,0.0011659711599349976,0.6639436483383179,0.2862321436405182,-0.15767130255699158,0.998171329498291,-0.000735938549041748,-0.001149892807006836,-0.0018691271543502808,0.6763787865638733,0.29959335923194885,-0.23276782035827637,0.9998229742050171,-0.0001392364501953125,0.0007408559322357178,0.0006853640079498291,0.6679241061210632,0.299344927072525,-0.22826537489891052,0.9995850324630737,-0.00038111209869384766,0.0003332793712615967,-4.363059997558594e-05,0.7169500589370728,0.3461505174636841,-0.11932580173015594,0.9999760389328003,-0.0016721487045288086,-0.0014136135578155518,0.006354391574859619,0.6465598940849304,0.35566914081573486,-0.07583320885896683,0.9995811581611633,-0.001965761184692383,-0.0024074316024780273,-0.00016091018915176392,0.7300272583961487,0.42093661427497864,-0.08965741097927094,0.9945071935653687,-0.0018406510353088379,-0.0008103251457214355,0.011920526623725891,0.6346726417541504,0.4265865981578827,-0.022044511511921883,0.7622934579849243,-0.0028397440910339355,-0.002250105142593384,0.0005474481731653214,0.7362346649169922,0.4876028299331665,-0.17380955815315247,0.9891639947891235,-0.00026547908782958984,-0.0003135800361633301,0.014484047889709473,0.6288330554962158,0.4905286133289337,-0.09276404231786728,0.8524442315101624,-0.0019463300704956055,-0.002838432788848877,-0.0003666803240776062,0.7413452863693237,0.5108473896980286,-0.19963043928146362,0.9759613275527954,-2.9802322387695312e-05,-0.00047016143798828125,0.016253575682640076,0.6255321502685547,0.5116378664970398,-0.11087314784526825,0.8200050592422485,-0.0007547140121459961,-0.0023603439331054688,-0.0005662068724632263,0.7355816960334778,0.5103577375411987,-0.22564014792442322,0.9773308634757996,6.777048110961914e-05,-0.00022685527801513672,0.013594210147857666,0.6286414861679077,0.5104610919952393,-0.14061090350151062,0.827712893486023,-0.0009112358093261719,-0.0026609301567077637,0.00012552738189697266,0.7323376536369324,0.5043119788169861,-0.18513146042823792,0.9687977433204651,-2.2709369659423828e-05,-0.00010442733764648438,0.013382062315940857,0.6313386559486389,0.5050262808799744,-0.10582989454269409,0.8157286047935486,-0.0012598037719726562,-0.002845168113708496,6.628036499023438e-05,0.7046416997909546,0.489750474691391,-0.014503669925034046,0.999431312084198,-0.0015496015548706055,-0.0016494393348693848,0.00027890969067811966,0.6632112264633179,0.4902932345867157,0.014495951123535633,0.9990532398223877,-0.0008042454719543457,-0.0004836916923522949,-0.0002612471580505371,0.7018811106681824,0.5972544550895691,-0.04211880639195442,0.7653149366378784,-0.0017452239990234375,-0.001406848430633545,0.015775267034769058,0.6677910089492798,0.6018587350845337,-0.0017671274254098535,0.6357646584510803,-0.0008442401885986328,-8.7738037109375e-05,0.009818223654292524,0.6965885758399963,0.6825862526893616,0.1206042617559433,0.7347544431686401,0.0007523894309997559,-0.0033080577850341797,0.0025420859456062317,0.6720796227455139,0.6990122199058533,0.14241161942481995,0.6736771464347839,0.0005866885185241699,0.0035100579261779785,-0.010623201727867126,0.693280816078186,0.6929728984832764,0.13174566626548767,0.6226774454116821,0.0004521608352661133,-0.0037418603897094727,0.0008841753005981445,0.676899790763855,0.7126131057739258,0.1509644091129303,0.5510279536247253,0.0013858675956726074,0.005713403224945068,-0.01321980357170105,0.7024734020233154,0.7154911756515503,0.04707259684801102,0.7381624579429626,0.003178715705871582,-0.001752614974975586,0.0044307708740234375,0.6511077880859375,0.7240501642227173,0.05350319668650627,0.6713156700134277,-0.004056751728057861,0.002521514892578125,-0.01566920056939125
0.6695847511291504,0.2862875163555145,-0.26334378123283386,0.9997794032096863,-0.0005230307579040527,-0.00035560131072998047,0.000840991735458374,0.6746346354484558,0.2771145701408386,-0.2520383298397064,0.9997252821922302,-0.0003609657287597656,-0.0006105899810791016,0.0016919076442718506,0.6782712936401367,0.2771872282028198,-0.25208181142807007,0.9997195601463318,-0.0002658367156982422,-0.0006253421306610107,0.0016947686672210693,0.6818596124649048,0.2775214910507202,-0.2521105706691742,0.9997715950012207,-0.00032407045364379883,-0.000619351863861084,0.001702040433883667,0.6673118472099304,0.2774341404438019,-0.24867817759513855,0.9995929598808289,-0.0003917813301086426,-0.0006777942180633545,0.0015019774436950684,0.6650901436805725,0.27778419852256775,-0.24870237708091736,0.9994586110115051,-0.0002720952033996582,-0.0007009804248809814,0.001507103443145752,0.6628202199935913,0.27830779552459717,-0.24874286353588104,0.9994044899940491,-0.00041103363037109375,-0.0007520616054534912,0.0015087276697158813,0.689640462398529,0.2834530174732208,-0.17041563987731934,0.9996873736381531,-0.0005020499229431152,-0.0008281469345092773,0.0034481287002563477,0.6633302569389343,0.2851237952709198,-0.15378117561340332,0.9983285665512085,-0.0006133913993835449,-0.0011083483695983887,0.003890126943588257,0.6761285066604614,0.2992047965526581,-0.2310194969177246,0.9998393058776855,-0.00025027990341186523,-0.0003885626792907715,0.0017483234405517578,0.6674461364746094,0.2988589406013489,-0.22677764296531677,0.9996243715286255,-0.0004779696464538574,-0.00048598647117614746,0.00148773193359375,0.7171529531478882,0.3462907075881958,-0.10877560079097748,0.999975860118866,0.0002028942108154297,0.00014019012451171875,0.010550200939178467,0.6450828313827515,0.3540448546409607,-0.07379317283630371,0.9996136426925659,-0.001477062702178955,-0.00162428617477417,0.0020400360226631165,0.7293778657913208,0.42096108198165894,-0.07644926011562347,0.9945238828659058,-0.0006493926048278809,2.446770668029785e-05,0.013208150863647461,0.6315232515335083,0.42483776807785034,-0.023759175091981888,0.7832093834877014,-0.00314939022064209,-0.0017488300800323486,-0.0017146635800600052,0.7362176179885864,0.48781901597976685,-0.16777822375297546,0.9894424676895142,-1.704692840576172e-05,0.0002161860466003418,0.006031334400177002,0.626563549041748,0.48974907398223877,-0.10235874354839325,0.8637445569038391,-0.0022695064544677734,-0.0007795393466949463,-0.00959470123052597,0.740786612033844,0.5110037326812744,-0.1949099898338318,0.9763885736465454,-0.0005586743354797363,0.0001563429832458496,0.004720449447631836,0.6236792802810669,0.5104926228523254,-0.12359702587127686,0.8316656947135925,-0.001852869987487793,-0.0011452436447143555,-0.012723878026008606,0.7352041602134705,0.5104467868804932,-0.22214281558990479,0.9778070449829102,-0.0003775358200073242,8.90493392944336e-05,0.0034973323345184326,0.6273342370986938,0.5089260339736938,-0.1524055302143097,0.8391580581665039,-0.0013072490692138672,-0.0015350580215454102,-0.011794626712799072,0.732326328754425,0.5043774247169495,-0.17971502244472504,0.9696563482284546,-1.1324882507324219e-05,6.54458999633789e-05,0.005416437983512878,0.6300331354141235,0.5034785866737366,-0.11523356288671494,0.8275473117828369,-0.0013055205345153809,-0.001547694206237793,-0.009403668344020844,0.7037489414215088,0.49069342017173767,-0.00856962613761425,0.9994345903396606,-0.0008927583694458008,0.0009429454803466797,0.005934043787419796,0.6617623567581177,0.4912322163581848,0.008556400425732136,0.9990989565849304,-0.0014488697052001953,0.0009389817714691162,-0.005939550697803497,0.7013485431671143,0.5993877649307251,-0.039557091891765594,0.774368166923523,-0.0005325675010681152,0.002133309841156006,0.0025617145001888275,0.6673591732978821,0.6031204462051392,-0.002842309884727001,0.6577401161193848,-0.0004318356513977051,0.0012617111206054688,-0.0010751824593171477,0.6865782737731934,0.6778948307037354,0.1697045862674713,0.7286844849586487,-0.010010302066802979,-0.004691421985626221,0.049100324511528015,0.6692745685577393,0.6998323202133179,0.14792653918266296,0.6917189359664917,-0.002805054187774658,0.0008201003074645996,0.005514919757843018,0.6816440224647522,0.6842334866523743,0.18638256192207336,0.6113046407699585,-0.011636793613433838,-0.0087394118309021,0.05463689565658569,0.6741241216659546,0.7140319347381592,0.15764573216438293,0.5531565546989441,-0.0027756690979003906,0.0014188289642333984,0.006681323051452637,0.6894881725311279,0.7143215537071228,0.10684104263782501,0.7352678179740906,-0.0129852294921875,-0.0011696219444274902,0.059768445789813995,0.6531662940979004,0.7257435917854309,0.05820097774267197,0.6869423985481262,0.0020585060119628906,0.001693427562713623,0.004697781056165695
0.6694701313972473,0.28661030530929565,-0.2795679271221161,0.999800443649292,-0.00011461973190307617,0.00032278895378112793,-0.016224145889282227,0.674558162689209,0.2774416208267212,-0.26724499464035034,0.9997496008872986,-7.647275924682617e-05,0.00032705068588256836,-0.015206664800643921,0.6782238483428955,0.27738097310066223,-0.2672833800315857,0.9997442364692688,-4.744529724121094e-05,0.00019374489784240723,-0.015201568603515625,0.681876540184021,0.27754732966423035,-0.26731258630752563,0.9997915029525757,1.6927719116210938e-05,2.5838613510131836e-05,-0.01520201563835144,0.6670687198638916,0.27777135372161865,-0.2657446265220642,0.9996294975280762,-0.00024312734603881836,0.00033721327781677246,-0.01706644892692566,0.6649569272994995,0.2780161201953888,-0.26577889919281006,0.9995073676109314,-0.00013321638107299805,0.00023192167282104492,-0.0170765221118927,0.662591814994812,0.27845853567123413,-0.26581764221191406,0.9994586110115051,-0.00022840499877929688,0.0001507401466369629,-0.01707477867603302,0.6893234252929688,0.28281939029693604,-0.17743054032325745,0.9997134804725647,-0.00031703710556030273,-0.00063362717628479,-0.00701490044593811,0.6626882553100586,0.2848399877548218,-0.17170044779777527,0.9984809756278992,-0.0006420016288757324,-0.00028380751609802246,-0.017919272184371948,0.6764369010925293,0.29934757947921753,-0.24467258155345917,0.999854326248169,0.0003083944320678711,0.00014278292655944824,-0.013653084635734558,0.6672331094741821,0.29906654357910156,-0.24313482642173767,0.999660313129425,-0.0002130270004272461,0.00020760297775268555,-0.0163571834564209,0.7165451645851135,0.34619393944740295,-0.11318190395832062,0.9999752044677734,-0.0006077885627746582,-9.676814079284668e-05,-0.00440630316734314,0.6429580450057983,0.3529454171657562,-0.09463320672512054,0.9996433854103088,-0.002124786376953125,-0.0010994374752044678,-0.020840033888816833,0.7275897264480591,0.420628160238266,-0.0774114727973938,0.994400680065155,-0.0017881393432617188,-0.00033292174339294434,-0.0009622126817703247,0.6300250887870789,0.42387455701828003,-0.04630141705274582,0.8025508522987366,-0.0014981627464294434,-0.0009632110595703125,-0.02254224196076393,0.7360676527023315,0.4879525601863861,-0.16334399580955505,0.9894437789916992,-0.0001499652862548828,0.0001335442066192627,0.00443422794342041,0.625836968421936,0.48874130845069885,-0.12213313579559326,0.8742291331291199,-0.0007265806198120117,-0.001007765531539917,-0.019774392247200012,0.7402819395065308,0.5112694501876831,-0.1890227049589157,0.9762793183326721,-0.0005046725273132324,0.0002657175064086914,0.005887284874916077,0.622985303401947,0.5091845393180847,-0.14442826807498932,0.8428201079368591,-0.000693976879119873,-0.0013080835342407227,-0.020831242203712463,0.7348581552505493,0.5110809206962585,-0.21690146625041962,0.9777804613113403,-0.0003460049629211426,0.0006341338157653809,0.0052413493394851685,0.6271620988845825,0.5072071552276611,-0.1725003868341446,0.850067675113678,-0.00017213821411132812,-0.0017188787460327148,-0.0200948566198349,0.7321571111679077,0.5046659111976624,-0.175371453166008,0.9699317216873169,-0.00016921758651733398,0.0002884864807128906,0.004343569278717041,0.6297963857650757,0.5013960003852844,-0.13454851508140564,0.8388161659240723,-0.00023674964904785156,-0.0020825862884521484,-0.019314952194690704,0.7030041813850403,0.49096155166625977,-0.004605051130056381,0.9994156360626221,-0.0007447600364685059,0.0002681314945220947,0.003964575007557869,0.6609779000282288,0.49130138754844666,0.004574870225042105,0.9991120100021362,-0.000784456729888916,6.917119026184082e-05,-0.003981530200690031,0.6992696523666382,0.6012316942214966,-0.03369731083512306,0.7720358371734619,-0.0020788908004760742,0.0018439292907714844,0.005859781056642532,0.6659910082817078,0.6032551527023315,-0.006151238922029734,0.6713463068008423,-0.0013681650161743164,0.0001347064971923828,-0.0033089290373027325,0.678741455078125,0.6876325607299805,0.14695733785629272,0.7204074263572693,-0.00783681869506836,0.009737730026245117,-0.02274724841117859,0.6744632720947266,0.7037991881370544,0.13116925954818726,0.7027490735054016,0.005188703536987305,0.003966867923736572,-0.016757279634475708,0.6737856864929199,0.6969993114471436,0.1605118215084076,0.6030707359313965,-0.007858335971832275,0.012765824794769287,-0.02587074041366577,0.6751237511634827,0.7175535559654236,0.13988229632377625,0.5538163781166077,0.0009996294975280762,0.0035216212272644043,-0.01776343584060669,0.6913406252861023,0.7211609482765198,0.07838799804449081,0.7310205698013306,0.0018524527549743652,0.006839394569396973,-0.028453044593334198,0.67711341381073,0.7403762936592102,0.04013843461871147,0.6950114369392395,0.02394711971282959,0.014632701873779297,-0.018062543123960495
0.6689456105232239,0.28591397404670715,-0.2736150920391083,0.9998196363449097,-0.0005245208740234375,-0.000696331262588501,0.0059528350830078125,0.6740526556968689,0.276792049407959,-0.26228809356689453,0.9997722506523132,-0.0005055069923400879,-0.000649571418762207,0.0049569010734558105,0.6777185201644897,0.2767038643360138,-0.2623338997364044,0.9997673630714417,-0.0005053281784057617,-0.0006771087646484375,0.004949480295181274,0.6814600229263306,0.27681368589401245,-0.2623712718486786,0.9998102188110352,-0.0004165172576904297,-0.0007336437702178955,0.004941314458847046,0.6664125919342041,0.27706214785575867,-0.2593846619129181,0.9996628165245056,-0.0006561279296875,-0.0007092058658599854,0.006359964609146118,0.6644805669784546,0.2772608995437622,-0.2594089210033417,0.9995516538619995,-0.0004763603210449219,-0.0007552206516265869,0.006369978189468384,0.6622785329818726,0.2776505649089813,-0.2594394087791443,0.9995076060295105,-0.0003132820129394531,-0.0008079707622528076,0.006378233432769775,0.68892502784729,0.2819477617740631,-0.1760101467370987,0.9997385144233704,-0.00039839744567871094,-0.0008716285228729248,0.0014203935861587524,0.6624018549919128,0.2840909957885742,-0.16423910856246948,0.9986192584037781,-0.00028640031814575195,-0.0007489919662475586,0.007461339235305786,0.6764686703681946,0.29902520775794983,-0.24009566009044647,0.9998682141304016,3.17692756652832e-05,-0.0003223717212677002,0.004576921463012695,0.6667083501815796,0.2986558675765991,-0.23670163750648499,0.9996930360794067,-0.0005247592926025391,-0.0004106760025024414,0.0064331889152526855,0.7164437770843506,0.34549733996391296,-0.11468233913183212,0.9999762773513794,-0.00010138750076293945,-0.0006965994834899902,-0.0015004351735115051,0.6430552005767822,0.35121023654937744,-0.0842200294137001,0.9996705651283264,9.715557098388672e-05,-0.0017351806163787842,0.01041317731142044,0.7274426817893982,0.420767217874527,-0.08637559413909912,0.9944524765014648,-0.00014704465866088867,0.00013905763626098633,-0.008964121341705322,0.629137396812439,0.4222177267074585,-0.036221008747816086,0.8194348812103271,-0.0008876919746398926,-0.0016568303108215332,0.010080408304929733,0.7358638048171997,0.48976290225982666,-0.1717183142900467,0.9898306727409363,-0.00020384788513183594,0.0018103420734405518,-0.008374318480491638,0.6246165037155151,0.48764392733573914,-0.1131020039319992,0.8834334015846252,-0.0012204647064208984,-0.0010973811149597168,0.009031131863594055,0.7399493455886841,0.513696551322937,-0.1977328062057495,0.9770048260688782,-0.0003325939178466797,0.0024271011352539062,-0.008710101246833801,0.6219956278800964,0.508672833442688,-0.1352592259645462,0.8524529337882996,-0.000989675521850586,-0.0005117058753967285,0.009169042110443115,0.734546959400177,0.5135196447372437,-0.2223912477493286,0.9784948229789734,-0.00031119585037231445,0.0024387240409851074,-0.005489781498908997,0.6269336938858032,0.5064486265182495,-0.16342642903327942,0.8595144748687744,-0.00022840499877929688,-0.0007585287094116211,0.009073957800865173,0.7319578528404236,0.5067539215087891,-0.17979860305786133,0.97101891040802,-0.00019925832748413086,0.002088010311126709,-0.0044271498918533325,0.6296772956848145,0.5001274347305298,-0.12567923963069916,0.8486220836639404,-0.00011909008026123047,-0.0012685656547546387,0.008869275450706482,0.7024725079536438,0.49080315232276917,-0.0069877104833722115,0.9994374513626099,-0.0005316734313964844,-0.00015839934349060059,-0.0023826593533158302,0.6600186228752136,0.4904855787754059,0.00694896187633276,0.9991456866264343,-0.0009592771530151367,-0.0008158087730407715,0.002374091651290655,0.6991392970085144,0.6034083962440491,-0.038305748254060745,0.7746723294258118,-0.0001303553581237793,0.0021767020225524902,-0.004608437418937683,0.6649255156517029,0.6046113967895508,-0.0026733637787401676,0.6837000846862793,-0.0010654926300048828,0.0013562440872192383,0.003477875143289566,0.688646674156189,0.6952077746391296,0.13554352521896362,0.7221989035606384,0.009905219078063965,0.00757521390914917,-0.011413812637329102,0.6761271357536316,0.706133246421814,0.13752582669258118,0.7125212550163269,0.0016638636589050293,0.0023340582847595215,0.006356567144393921,0.6847220659255981,0.7049649357795715,0.14821664988994598,0.5973589420318604,0.010936379432678223,0.007965624332427979,-0.012295171618461609,0.6773893237113953,0.721000075340271,0.14664702117443085,0.5504489541053772,0.0022655725479125977,0.003446519374847412,0.006764724850654602,0.6978136301040649,0.7312590479850769,0.06169966608285904,0.7337077856063843,0.0064730048179626465,0.010098099708557129,-0.016688331961631775,0.6806502342224121,0.7476502656936646,0.04650724679231644,0.7032160758972168,0.003536820411682129,0.007273972034454346,0.006368812173604965
0.6699413657188416,0.28562790155410767,-0.26852187514305115,0.9998369812965393,0.0009957551956176758,-0.0002860724925994873,0.005093216896057129,0.6749902963638306,0.2763453423976898,-0.25409358739852905,0.9997930526733398,0.0009376406669616699,-0.00044670701026916504,0.008194506168365479,0.6785345077514648,0.2763039469718933,-0.2541465163230896,0.9997886419296265,0.0008159875869750977,-0.0003999173641204834,0.00818738341331482,0.6822175979614258,0.2764293849468231,-0.2541810870170593,0.9998273253440857,0.0007575750350952148,-0.00038430094718933105,0.008190184831619263,0.6671820878982544,0.2765578031539917,-0.25531139969825745,0.9996931552886963,0.000769495964050293,-0.0005043447017669678,0.0040732622146606445,0.6651310324668884,0.2767733633518219,-0.255325585603714,0.9995920062065125,0.0006504654884338379,-0.0004875361919403076,0.0040833353996276855,0.6630827784538269,0.2770251929759979,-0.2553212344646454,0.9995518922805786,0.0008042454719543457,-0.0006253719329833984,0.004118174314498901,0.689503014087677,0.28142085671424866,-0.16121414303779602,0.9997617602348328,0.0005779862403869629,-0.0005269050598144531,0.014796003699302673,0.6623340249061584,0.2835393249988556,-0.1610642522573471,0.9987460374832153,-6.783008575439453e-05,-0.0005516707897186279,0.0031748563051223755,0.6770923137664795,0.2984122931957245,-0.23063156008720398,0.9998807907104492,0.0006236433982849121,-0.0006129145622253418,0.009464100003242493,0.6673906445503235,0.2982200086116791,-0.23182182013988495,0.9997225403785706,0.0006822943687438965,-0.00043585896492004395,0.004879817366600037,0.7162660956382751,0.34480372071266174,-0.10255297273397446,0.9999778866767883,-0.00017768144607543945,-0.0006936192512512207,0.012129366397857666,0.642859935760498,0.3498133718967438,-0.0790686085820198,0.9996960759162903,-0.0001952648162841797,-0.001396864652633667,0.005151420831680298,0.7271572351455688,0.4209766387939453,-0.07622049748897552,0.9945770502090454,-0.0002854466438293457,0.00020942091941833496,0.010155096650123596,0.6279587149620056,0.42047399282455444,-0.02538716420531273,0.8348618745803833,-0.0011786818504333496,-0.0017437338829040527,0.010833844542503357,0.7356024980545044,0.4914202392101288,-0.17355749011039734,0.9902584552764893,-0.0002613067626953125,0.001657336950302124,-0.001839175820350647,0.623904287815094,0.4854583442211151,-0.10299426317214966,0.8919822573661804,-0.0007122159004211426,-0.0021855831146240234,0.010107740759849548,0.7397759556770325,0.5147497653961182,-0.2024488002061844,0.977827787399292,-0.00017338991165161133,0.0010532140731811523,-0.0047159940004348755,0.6205927133560181,0.5072457790374756,-0.12450437247753143,0.8617026209831238,-0.0014029145240783691,-0.0014270544052124023,0.01075485348701477,0.7339261770248413,0.5147364735603333,-0.2269839346408844,0.979301929473877,-0.0006207823753356934,0.0012168288230895996,-0.004592686891555786,0.6261723637580872,0.5050913691520691,-0.1544986069202423,0.8685744404792786,-0.0007613301277160645,-0.00135725736618042,0.00892782211303711,0.7312661409378052,0.5080817937850952,-0.18393129110336304,0.9721947908401489,-0.0006917119026184082,0.0013278722763061523,-0.004132688045501709,0.6291794776916504,0.4983161985874176,-0.11627286672592163,0.8581032156944275,-0.0004978179931640625,-0.0018112361431121826,0.009406372904777527,0.701839029788971,0.49109214544296265,-0.009256898425519466,0.9994584918022156,-0.0006334781646728516,0.00028899312019348145,-0.002269187942147255,0.6594319343566895,0.49091288447380066,0.009235691279172897,0.9991648197174072,-0.0005866885185241699,0.0004273056983947754,0.0022867294028401375,0.6989264488220215,0.6057939529418945,-0.04158280789852142,0.7741678953170776,-0.00021284818649291992,0.002385556697845459,-0.003277059644460678,0.6637954115867615,0.6063479781150818,-0.006516478955745697,0.6860148906707764,-0.0011301040649414062,0.0017365813255310059,-0.0038431151770055294,0.6923569440841675,0.7050225734710693,0.10574500262737274,0.726202666759491,0.0037102699279785156,0.009814798831939697,-0.02979852259159088,0.6761084198951721,0.7060825228691101,0.1313762664794922,0.71148282289505,-1.8715858459472656e-05,-5.072355270385742e-05,-0.006149560213088989,0.6886234879493713,0.717197597026825,0.11429109424352646,0.5929548740386963,0.0039014220237731934,0.012232661247253418,-0.033925555646419525,0.6780943870544434,0.7241366505622864,0.13984021544456482,0.5382142663002014,0.0007050633430480957,0.003136575222015381,-0.006806805729866028,0.700675904750824,0.7400930523872375,0.01508823037147522,0.7369552850723267,0.002862274646759033,0.008834004402160645,-0.04661143571138382,0.6757810115814209,0.7425792813301086,0.0351577028632164,0.7021496891975403,-0.004869222640991211,-0.005070984363555908,-0.011349543929100037
0.670524537563324,0.28463342785835266,-0.2664138376712799,0.9998522996902466,0.0005831718444824219,-0.0009944736957550049,0.0021080374717712402,0.6755388975143433,0.2751843333244324,-0.2537282109260559,0.9998108744621277,0.0005486011505126953,-0.0011610090732574463,0.00036537647247314453,0.6789466142654419,0.2751566171646118,-0.25378310680389404,0.999806821346283,0.0004121065139770508,-0.0011473298072814941,0.00036340951919555664,0.6825700402259827,0.2752777636051178,-0.25382429361343384,0.9998418688774109,0.00035244226455688477,-0.0011516213417053223,0.0003567934036254883,0.6675602793693542,0.2753547728061676,-0.25230738520622253,0.9997192025184631,0.0003781914710998535,-0.0012030303478240967,0.003004014492034912,0.6653721332550049,0.27556082606315613,-0.2523234486579895,0.9996266961097717,0.00024110078811645508,-0.0012125372886657715,0.0030021369457244873,0.6634517908096313,0.2756853699684143,-0.2523306608200073,0.9995900988578796,0.00036901235580444336,-0.0013398230075836182,0.0029905736446380615,0.6900054812431335,0.280232697725296,-0.16156956553459167,0.9997808337211609,0.000502467155456543,-0.0011881589889526367,-0.0003554224967956543,0.6624807119369507,0.2818877398967743,-0.15734581649303436,0.998856246471405,0.00014668703079223633,-0.0016515851020812988,0.003718435764312744,0.6774954199790955,0.297468364238739,-0.23016393184661865,0.9998918175697327,0.0004031062126159668,-0.0009439289569854736,0.00046762824058532715,0.6676384806632996,0.2972165644168854,-0.2294890433549881,0.9997486472129822,0.0002478361129760742,-0.0010034441947937012,0.0023327767848968506,0.7168099284172058,0.3450447916984558,-0.1039845198392868,0.9999785423278809,0.0005438327789306641,0.00024107098579406738,-0.0014315471053123474,0.6427792310714722,0.34817564487457275,-0.0768977552652359,0.9997164607048035,-8.07046890258789e-05,-0.0016377270221710205,0.002170853316783905,0.7272875308990479,0.4215194582939148,-0.08185184001922607,0.9945435523986816,0.0001302957534790039,0.0005428194999694824,-0.005631342530250549,0.627730667591095,0.4194956421852112,-0.02858496829867363,0.8483743667602539,-0.00022804737091064453,-0.0009783506393432617,-0.003197804093360901,0.7340052127838135,0.4922974407672882,-0.1791965514421463,0.9904975295066833,-0.001597285270690918,0.0008772015571594238,-0.005639061331748962,0.6237595677375793,0.4844084680080414,-0.1078077182173729,0.8989962339401245,-0.00014472007751464844,-0.0010498762130737305,-0.004813455045223236,0.7378740310668945,0.5161265730857849,-0.21014773845672607,0.9783351421356201,-0.0019019246101379395,0.001376807689666748,-0.007698938250541687,0.6204867362976074,0.5066882967948914,-0.13003604114055634,0.8689693808555603,-0.00010597705841064453,-0.0005574822425842285,-0.005531668663024902,0.7320061922073364,0.5156633853912354,-0.237034872174263,0.9798051118850708,-0.0019199848175048828,0.0009269118309020996,-0.010050937533378601,0.626040518283844,0.5039818286895752,-0.15948672592639923,0.8757104277610779,-0.00013184547424316406,-0.0011095404624938965,-0.004988119006156921,0.7295302748680115,0.5088403820991516,-0.19149470329284668,0.9730010628700256,-0.0017358660697937012,0.0007585883140563965,-0.007563412189483643,0.6289393305778503,0.4966680109500885,-0.12086950242519379,0.8655176758766174,-0.00024014711380004883,-0.0016481876373291016,-0.004596635699272156,0.7008935213088989,0.49205002188682556,-0.008216912858188152,0.9994773268699646,-0.0009455084800720215,0.000957876443862915,0.001039985567331314,0.657927930355072,0.4911639988422394,0.008188681676983833,0.9991913437843323,-0.0015040040016174316,0.0002511143684387207,-0.001047009602189064,0.6981625556945801,0.6074470281600952,-0.034793172031641006,0.781890869140625,-0.0007638931274414062,0.0016530752182006836,0.006789635866880417,0.6605712175369263,0.6061645746231079,-0.010063371621072292,0.7023025751113892,-0.003224194049835205,-0.00018340349197387695,-0.0035468926653265953,0.6853752136230469,0.7023945450782776,0.125332310795784,0.7346531748771667,-0.0069817304611206055,-0.002628028392791748,0.019587308168411255,0.6735413670539856,0.7057611346244812,0.13662207126617432,0.7194814682006836,-0.0025670528411865234,-0.00032138824462890625,0.005245804786682129,0.684742271900177,0.7157688736915588,0.13574567437171936,0.5955060720443726,-0.003881216049194336,-0.0014287233352661133,0.0214545801281929,0.6751956939697266,0.7230585813522339,0.14391404390335083,0.5336903929710388,-0.002898693084716797,-0.0010780692100524902,0.004073828458786011,0.6965413689613342,0.7397447228431702,0.039678264409303665,0.7435765862464905,-0.004134535789489746,-0.0003483295440673828,0.024590034037828445,0.6663583517074585,0.7421208024024963,0.04644603282213211,0.7089805006980896,-0.009422659873962402,-0.0004584789276123047,0.01128832995891571
0.670852780342102,0.2836272120475769,-0.2655555307865143,0.999866247177124,0.00032824277877807617,-0.0010062158107757568,0.000858306884765625,0.6756414771080017,0.2740275263786316,-0.25330793857574463,0.9998270869255066,0.00010257959365844727,-0.0011568069458007812,0.0004202723503112793,0.679229199886322,0.274021178483963,-0.2533581852912903,0.999823272228241,0.00028258562088012695,-0.0011354386806488037,0.00042492151260375977,0.6827992796897888,0.2741721272468567,-0.25339436531066895,0.9998549818992615,0.00022923946380615234,-0.0011056363582611084,0.0004299283027648926,0.6679132580757141,0.27431929111480713,-0.25186866521835327,0.9997431635856628,0.0003529787063598633,-0.0010354816913604736,0.0004387199878692627,0.6656063795089722,0.2746110260486603,-0.25188928842544556,0.9996586441993713,0.00023424625396728516,-0.0009498000144958496,0.0004341602325439453,0.6637368202209473,0.27477046847343445,-0.25190386176109314,0.9996251463890076,0.00028502941131591797,-0.0009149014949798584,0.00042679905891418457,0.69035404920578,0.27921733260154724,-0.16270171105861664,0.999797523021698,0.0003485679626464844,-0.0010153651237487793,-0.0011321455240249634,0.662575364112854,0.2811010181903839,-0.16025087237358093,0.9989567995071411,9.465217590332031e-05,-0.0007867217063903809,-0.00290505588054657,0.677718997001648,0.2964797914028168,-0.2304234504699707,0.9999015927314758,0.00022357702255249023,-0.0009885728359222412,-0.0002595186233520508,0.6679025888442993,0.29647091031074524,-0.2296115607023239,0.9997719526290894,0.00026410818099975586,-0.0007456541061401367,-0.00012251734733581543,0.716961145401001,0.34511005878448486,-0.10692926496267319,0.9999794960021973,0.00015121698379516602,6.526708602905273e-05,-0.002944745123386383,0.6423521041870117,0.3471001386642456,-0.08227601647377014,0.9997363090515137,-0.0004271268844604492,-0.0010755062103271484,-0.005378261208534241,0.7274473905563354,0.42160919308662415,-0.0796288475394249,0.9946449995040894,0.00015985965728759766,8.973479270935059e-05,0.002222992479801178,0.6264182925224304,0.4186396598815918,-0.03710922971367836,0.8611811995506287,-0.0013123750686645508,-0.0008559823036193848,-0.00852426141500473,0.73365318775177,0.4929627776145935,-0.17110656201839447,0.990926206111908,-0.00035202503204345703,0.0006653368473052979,0.008089989423751831,0.6228933334350586,0.4842253029346466,-0.11086368560791016,0.9062374830245972,-0.000866234302520752,-0.0001831650733947754,-0.003055967390537262,0.7374435663223267,0.516844630241394,-0.19985495507717133,0.9791595339775085,-0.0004304647445678711,0.0007180571556091309,0.010292783379554749,0.6192466020584106,0.5066881775856018,-0.13127557933330536,0.8767831325531006,-0.0012401342391967773,-1.1920928955078125e-07,-0.0012395381927490234,0.7310855388641357,0.5162920355796814,-0.22523221373558044,0.9805989265441895,-0.0009206533432006836,0.0006286501884460449,0.011802658438682556,0.6253839731216431,0.503896951675415,-0.15996938943862915,0.8832750916481018,-0.0006565451622009277,-8.487701416015625e-05,-0.00048266351222991943,0.7284972071647644,0.5093398690223694,-0.18232688307762146,0.9741259217262268,-0.0010330677032470703,0.0004994869232177734,0.00916782021522522,0.628379225730896,0.49638235569000244,-0.12327595055103302,0.873430609703064,-0.0005601048469543457,-0.00028565526008605957,-0.0024064481258392334,0.7009305953979492,0.49208226799964905,-0.009146333672106266,0.9994910359382629,3.707408905029297e-05,3.224611282348633e-05,-0.0009294208139181137,0.6576863527297974,0.49127644300460815,0.009112422354519367,0.9992151260375977,-0.0002415776252746582,0.00011244416236877441,0.0009237406775355339,0.6980566382408142,0.6073283553123474,-0.0353613905608654,0.7858388423919678,-0.00010591745376586914,-0.00011867284774780273,-0.0005682185292243958,0.6597198247909546,0.6059543490409851,-0.00865077693015337,0.7096962928771973,-0.0008513927459716797,-0.00021022558212280273,0.0014125946909189224,0.6967326998710632,0.7033548355102539,0.10191760957241058,0.7416562438011169,0.011357486248016357,0.0009602904319763184,-0.023414701223373413,0.6710565090179443,0.7052566409111023,0.13178466260433197,0.7230364680290222,-0.0024848580360412598,-0.0005044937133789062,-0.004837408661842346,0.6949018239974976,0.7171037793159485,0.10945769399404526,0.5940997004508972,0.010159552097320557,0.0013349056243896484,-0.026287980377674103,0.6741912961006165,0.7212494015693665,0.14007434248924255,0.5273578763008118,-0.0010043978691101074,-0.0018091797828674316,-0.0038397014141082764,0.7075396776199341,0.7377258539199829,0.014454826712608337,0.749466061592102,0.010998308658599854,-0.002018868923187256,-0.025223437696695328,0.6649734973907471,0.7431818842887878,0.04107343405485153,0.7114642262458801,-0.0013848543167114258,0.001061081886291504,-0.005372598767280579
0.6709988117218018,0.28124913573265076,-0.2680496573448181,0.9998782873153687,0.00014603137969970703,-0.0023780763149261475,-0.002494126558303833,0.6756871342658997,0.27132266759872437,-0.25555992126464844,0.999840497970581,4.565715789794922e-05,-0.0027048587799072266,-0.0022519826889038086,0.6794904470443726,0.2712496817111969,-0.25560706853866577,0.9998367428779602,0.0002612471580505371,-0.0027714967727661133,-0.0022488832473754883,0.682956337928772,0.2714695930480957,-0.2556411921977997,0.9998656511306763,0.0001570582389831543,-0.0027025341987609863,-0.0022468268871307373,0.6681016087532043,0.271961510181427,-0.2535698115825653,0.9997637271881104,0.00018835067749023438,-0.002357780933380127,-0.0017011463642120361,0.665664553642273,0.2723933458328247,-0.25359174609184265,0.9996855854988098,5.817413330078125e-05,-0.0022176802158355713,-0.0017024576663970947,0.6637892723083496,0.27271348237991333,-0.25361841917037964,0.9996553659439087,5.245208740234375e-05,-0.002056986093521118,-0.001714557409286499,0.6905840039253235,0.27702826261520386,-0.16530556976795197,0.9998120665550232,0.00022995471954345703,-0.002189069986343384,-0.002603858709335327,0.6624792814254761,0.27953097224235535,-0.1595848649740219,0.9990436434745789,-9.608268737792969e-05,-0.0015700459480285645,0.000666007399559021,0.6781320571899414,0.29410409927368164,-0.23363037407398224,0.9999099373817444,0.00041306018829345703,-0.002375692129135132,-0.0032069236040115356,0.6681271195411682,0.29462748765945435,-0.23159246146678925,0.9997923374176025,0.00022453069686889648,-0.0018434226512908936,-0.001980900764465332,0.7171769142150879,0.3450874090194702,-0.10897519439458847,0.9999783039093018,0.00021576881408691406,-2.2649765014648438e-05,-0.002045929431915283,0.6427399516105652,0.3467181622982025,-0.07969114929437637,0.9997493624687195,0.0003878474235534668,-0.0003819763660430908,0.0025848671793937683,0.7276316285133362,0.421682208776474,-0.08351818472146988,0.9945864677429199,0.00018423795700073242,7.301568984985352e-05,-0.003889337182044983,0.6259414553642273,0.41891005635261536,-0.03242278844118118,0.8707115650177002,-0.000476837158203125,0.00027039647102355957,0.004686441272497177,0.7336251735687256,0.4945671856403351,-0.17388877272605896,0.9909220933914185,-2.8014183044433594e-05,0.0016044080257415771,-0.0027822107076644897,0.6216022372245789,0.48416757583618164,-0.11058507859706879,0.9108078479766846,-0.0012910962104797363,-5.772709846496582e-05,0.00027860701084136963,0.73743736743927,0.5178271532058716,-0.2025538980960846,0.9791083931922913,-6.198883056640625e-06,0.000982522964477539,-0.002698943018913269,0.6177274584770203,0.5066717863082886,-0.13244053721427917,0.8808237910270691,-0.0015191435813903809,-1.6391277313232422e-05,-0.001164957880973816,0.7309605479240417,0.5170625448226929,-0.22753949463367462,0.9805439710617065,-0.00012499094009399414,0.0007705092430114746,-0.0023072808980941772,0.6243906021118164,0.5039965510368347,-0.16089296340942383,0.8872931003570557,-0.0009933710098266602,9.959936141967773e-05,-0.0009235739707946777,0.7282613515853882,0.5098793506622314,-0.1849064975976944,0.9742258787155151,-0.0002358555793762207,0.0005394816398620605,-0.002579614520072937,0.6276323795318604,0.4965805113315582,-0.12330996990203857,0.877692699432373,-0.0007468461990356445,0.00019815564155578613,-3.40193510055542e-05,0.70047527551651,0.4928678274154663,-0.009896401315927505,0.99947190284729,-0.000455319881439209,0.0007855594158172607,-0.0007500676438212395,0.6569982767105103,0.49140360951423645,0.009865335188806057,0.9992337822914124,-0.0006880760192871094,0.0001271665096282959,0.0007529128342866898,0.6978480815887451,0.608488917350769,-0.025341466069221497,0.7927142977714539,-0.0002085566520690918,0.0011605620384216309,0.010019924491643906,0.6573418378829956,0.6058991551399231,-0.0007482374785467982,0.7255001664161682,-0.0023779869079589844,-5.519390106201172e-05,0.007902539451606572,0.695299506187439,0.7028841376304626,0.1437162607908249,0.7459166049957275,-0.0014331936836242676,-0.00047069787979125977,0.04179865121841431,0.6717220544815063,0.7067083716392517,0.14829833805561066,0.737739086151123,0.0006655454635620117,0.001451730728149414,0.016513675451278687,0.6920143365859985,0.7148133516311646,0.1551216095685959,0.5914461612701416,-0.0028874874114990234,-0.0022904276847839355,0.04566391557455063,0.6749815344810486,0.722164511680603,0.1574290543794632,0.5399582386016846,0.0007902383804321289,0.0009151101112365723,0.017354711890220642,0.7053241729736328,0.7360248565673828,0.06518155336380005,0.7536627054214478,-0.0022155046463012695,-0.0017009973526000977,0.05072672665119171,0.6547946333885193,0.7410504221916199,0.05713575333356857,0.7244157195091248,-0.010178864002227783,-0.0021314620971679688,0.01606231927871704
0.6711941957473755,0.27874884009361267,-0.2659236192703247,0.9998894333839417,0.00019538402557373047,-0.002500295639038086,0.002126038074493408,0.6763444542884827,0.2680785357952118,-0.2529156804084778,0.9998530745506287,0.0006573200225830078,-0.0032441318035125732,0.0026442408561706543,0.6802634596824646,0.26815494894981384,-0.25296783447265625,0.9998494386672974,0.000773012638092041,-0.0030947327613830566,0.0026392340660095215,0.6835445761680603,0.2685304880142212,-0.2530021667480469,0.999875545501709,0.0005882382392883301,-0.0029391050338745117,0.0026390254497528076,0.6682454347610474,0.2689053416252136,-0.2525199055671692,0.9997825026512146,0.00014382600784301758,-0.003056168556213379,0.0010499060153961182,0.6658601760864258,0.2693953812122345,-0.2525380253791809,0.9997105598449707,0.00019562244415283203,-0.00299796462059021,0.0010537207126617432,0.6639571189880371,0.2699034810066223,-0.252560555934906,0.9996829628944397,0.0001678466796875,-0.0028100013732910156,0.0010578632354736328,0.6907893419265747,0.27472159266471863,-0.1623900979757309,0.999825119972229,0.0002053380012512207,-0.0023066699504852295,0.0029154717922210693,0.6627434492111206,0.27718791365623474,-0.15840402245521545,0.9991271495819092,0.00026416778564453125,-0.0023430585861206055,0.0011808425188064575,0.6787761449813843,0.29165974259376526,-0.23032882809638977,0.9999179244041443,0.0006440877914428711,-0.002444356679916382,0.0033015459775924683,0.6683106422424316,0.2921184003353119,-0.2300807237625122,0.9998114705085754,0.00018352270126342773,-0.002509087324142456,0.0015117377042770386,0.7175419926643372,0.343595027923584,-0.102238729596138,0.9999790787696838,0.0003650784492492676,-0.0014923810958862305,0.00673646479845047,0.6427697539329529,0.34559595584869385,-0.07911976426839828,0.9997672438621521,2.9802322387695312e-05,-0.001122206449508667,0.0005713850259780884,0.727687418460846,0.42175331711769104,-0.06985992193222046,0.9946020841598511,5.5789947509765625e-05,7.110834121704102e-05,0.01365826278924942,0.6262797117233276,0.4190583825111389,-0.03222799673676491,0.8812124133110046,0.0003382563591003418,0.00014832615852355957,0.00019479170441627502,0.7337645888328552,0.4950825273990631,-0.1589801013469696,0.9911139011383057,0.00013941526412963867,0.0005153417587280273,0.014908671379089355,0.6207323670387268,0.484497994184494,-0.10968343913555145,0.9170337319374084,-0.0008698701858520508,0.00033041834831237793,0.000901639461517334,0.7376886606216431,0.5186062455177307,-0.1864922195672989,0.9794362187385559,0.0002512931823730469,0.0007790923118591309,0.016061678528785706,0.6167392730712891,0.5067864656448364,-0.13151608407497406,0.8878416419029236,-0.0009881854057312012,0.00011467933654785156,0.0009244531393051147,0.7309677600860596,0.5176427960395813,-0.21181528270244598,0.9808590412139893,7.212162017822266e-06,0.0005802512168884277,0.015724211931228638,0.623412013053894,0.5042062401771545,-0.16013304889202118,0.894051194190979,-0.0009785890579223633,0.00020968914031982422,0.0007599145174026489,0.7282525897026062,0.5103606581687927,-0.1700458824634552,0.9747868180274963,-8.761882781982422e-06,0.0004813075065612793,0.014860615134239197,0.6266756057739258,0.4970165491104126,-0.12232961505651474,0.8847530484199524,-0.0009567737579345703,0.0004360377788543701,0.0009803548455238342,0.700526237487793,0.4940046966075897,-0.008488062769174576,0.9994888305664062,5.0961971282958984e-05,0.001136869192123413,0.0014083385467529297,0.6566199660301208,0.4914640188217163,0.00844421237707138,0.9992560148239136,-0.0003783106803894043,6.04093074798584e-05,-0.0014211228117346764,0.6986609697341919,0.6140211224555969,-0.02888524904847145,0.7966856360435486,0.0008128881454467773,0.005532205104827881,-0.0035437829792499542,0.6552850604057312,0.6087186932563782,-0.01297547947615385,0.7367304563522339,-0.0020567774772644043,0.002819538116455078,-0.012227241997607052,0.7032987475395203,0.7107140421867371,0.13591471314430237,0.7507284283638,0.007999241352081299,0.007829904556274414,-0.007801547646522522,0.6700670123100281,0.712626039981842,0.14033077657222748,0.7413724064826965,-0.0016550421714782715,0.005917668342590332,-0.007967561483383179,0.7001955509185791,0.7245295643806458,0.142508402466774,0.5872153043746948,0.008181214332580566,0.009716212749481201,-0.0126132071018219,0.67463618516922,0.7256574630737305,0.1503240317106247,0.5340521335601807,-0.0003453493118286133,0.0034929513931274414,-0.007105022668838501,0.7149900197982788,0.7442197799682617,0.04023401066660881,0.7568528652191162,0.009665846824645996,0.008194923400878906,-0.02494754269719124,0.6579245924949646,0.7509825825691223,0.048109546303749084,0.7265660762786865,0.0031299591064453125,0.009932160377502441,-0.009026207029819489
0.6715482473373413,0.27508747577667236,-0.27204665541648865,0.9998997449874878,0.0003540515899658203,-0.0036613643169403076,-0.00612303614616394,0.6770340204238892,0.2641141414642334,-0.25945091247558594,0.9998652338981628,0.0006895661354064941,-0.0039643943309783936,-0.006535232067108154,0.6809185743331909,0.26437908411026,-0.2594948410987854,0.9998618364334106,0.0006551146507263184,-0.003775864839553833,-0.00652700662612915,0.6839936971664429,0.2647792100906372,-0.25952523946762085,0.9998854398727417,0.00044912099838256836,-0.0037512779235839844,-0.006523072719573975,0.6683446764945984,0.2646409869194031,-0.2580081522464752,0.9998006224632263,9.924173355102539e-05,-0.004264354705810547,-0.00548824667930603,0.6659789681434631,0.26512131094932556,-0.2580256164073944,0.99973464012146,0.00011879205703735352,-0.0042740702629089355,-0.005487591028213501,0.6640824675559998,0.2657267153263092,-0.25804823637008667,0.99970942735672,0.00012534856796264648,-0.00417676568031311,-0.005487680435180664,0.6910396814346313,0.2717269957065582,-0.16943888366222382,0.9998387098312378,0.0002503395080566406,-0.0029945969581604004,-0.00704878568649292,0.6629511117935181,0.27349814772605896,-0.16334810853004456,0.9992057085037231,0.00020766258239746094,-0.0036897659301757812,-0.0049440860748291016,0.6792727708816528,0.2886916399002075,-0.23719994723796844,0.999925434589386,0.0004966259002685547,-0.0029681026935577393,-0.006871119141578674,0.6684441566467285,0.28892141580581665,-0.23557396233081818,0.9998292326927185,0.000133514404296875,-0.0031969845294952393,-0.005493238568305969,0.7181577086448669,0.34184885025024414,-0.10819913446903229,0.9999802708625793,0.0006157159805297852,-0.0017461776733398438,-0.005960404872894287,0.6425544023513794,0.3437725007534027,-0.08464964479207993,0.9997841715812683,-0.00021535158157348633,-0.0018234550952911377,-0.005529880523681641,0.7278282046318054,0.42089661955833435,-0.07279783487319946,0.9947120547294617,0.00014078617095947266,-0.0008566975593566895,-0.002937912940979004,0.6259747743606567,0.41805827617645264,-0.036356981843709946,0.8902962803840637,-0.00030493736267089844,-0.0010001063346862793,-0.004128985106945038,0.7340227365493774,0.49498701095581055,-0.17525199055671692,0.9914444088935852,0.0002581477165222168,-9.551644325256348e-05,-0.016271889209747314,0.6203567981719971,0.4848116636276245,-0.11423639208078384,0.9221131801605225,-0.00037556886672973633,0.00031366944313049316,-0.004552952945232391,0.7380645871162415,0.5185356736183167,-0.20483548939228058,0.9801392555236816,0.00037592649459838867,-7.05718994140625e-05,-0.01834326982498169,0.6163947582244873,0.5069774389266968,-0.13736706972122192,0.8932688236236572,-0.0003445148468017578,0.00019097328186035156,-0.005850985646247864,0.7311632037162781,0.5175001621246338,-0.23151902854442596,0.98151695728302,0.00019544363021850586,-0.00014263391494750977,-0.01970374584197998,0.6230238080024719,0.504489541053772,-0.1660805344581604,0.899254560470581,-0.00038820505142211914,0.00028330087661743164,-0.005947485566139221,0.7283130288124084,0.5102729797363281,-0.1871321052312851,0.9756914377212524,6.0439109802246094e-05,-8.767843246459961e-05,-0.017086222767829895,0.6263512372970581,0.4974459111690521,-0.12718316912651062,0.8902068138122559,-0.0003243684768676758,0.00042936205863952637,-0.00485355406999588,0.7009299397468567,0.494549959897995,-0.008810512721538544,0.9995169043540955,0.0004037022590637207,0.0005452632904052734,-0.0003224499523639679,0.6568673849105835,0.4914817810058594,0.008766315877437592,0.9992986917495728,0.0002474188804626465,1.7762184143066406e-05,0.00032210350036621094,0.6983252763748169,0.6132544279098511,-0.023871932178735733,0.8109970092773438,-0.000335693359375,-0.0007666945457458496,0.005013316869735718,0.652823805809021,0.6088634133338928,-0.010339352302253246,0.7581610679626465,-0.002461254596710205,0.00014472007751464844,0.0026361271739006042,0.7027202844619751,0.7078272104263306,0.15020671486854553,0.7680766582489014,-0.000578463077545166,-0.002886831760406494,0.014292001724243164,0.6700818538665771,0.7115823030471802,0.16998980939388275,0.7593039870262146,1.4841556549072266e-05,-0.0010437369346618652,0.029659032821655273,0.6997359395027161,0.7210729122161865,0.16138504445552826,0.5998095870018005,-0.0004596114158630371,-0.0034566521644592285,0.018876641988754272,0.6745134592056274,0.7235161662101746,0.18302880227565765,0.5504699945449829,-0.0001227259635925293,-0.002141296863555908,0.03270477056503296,0.7134467363357544,0.7424619793891907,0.06124160438776016,0.7723797559738159,-0.001543283462524414,-0.001757800579071045,0.021007593721151352,0.6589438915252686,0.748317301273346,0.08363859355449677,0.7440261244773865,0.001019299030303955,-0.002665281295776367,0.03552904725074768
0.6716364026069641,0.2730722427368164,-0.2706518769264221,0.9999083876609802,8.815526962280273e-05,-0.002015233039855957,0.0013947784900665283,0.6773971319198608,0.2617628872394562,-0.2583378255367279,0.9998740553855896,0.0003631114959716797,-0.0023512542247772217,0.0011130869388580322,0.6812905073165894,0.2618728578090668,-0.2583863139152527,0.999870777130127,0.0003719329833984375,-0.0025062263011932373,0.0011085271835327148,0.6842645406723022,0.26204606890678406,-0.2584207057952881,0.9998923540115356,0.000270843505859375,-0.0027331411838531494,0.0011045336723327637,0.668449878692627,0.26240405440330505,-0.2561805546283722,0.9998140931129456,0.00010520219802856445,-0.0022369325160980225,0.0018275976181030273,0.6660712361335754,0.2628799378871918,-0.25619831681251526,0.9997522830963135,9.226799011230469e-05,-0.002241373062133789,0.0018272995948791504,0.6641396880149841,0.2634689211845398,-0.256224662065506,0.9997291564941406,5.7220458984375e-05,-0.002257794141769409,0.0018235743045806885,0.691275417804718,0.26827576756477356,-0.16935254633426666,0.9998483061790466,0.00023573637008666992,-0.003451228141784668,8.633732795715332e-05,0.6630859971046448,0.2706676423549652,-0.16152998805046082,0.9992690682411194,0.00013488531112670898,-0.00283050537109375,0.0018181204795837402,0.6796310544013977,0.2865675687789917,-0.23625528812408447,0.9999316930770874,0.00035828351974487305,-0.0021240711212158203,0.0009446591138839722,0.6685479879379272,0.287042498588562,-0.23370817303657532,0.9998442530632019,0.00010383129119873047,-0.0018789172172546387,0.0018657892942428589,0.7206228375434875,0.3389163911342621,-0.10839630663394928,0.9999806880950928,0.0024651288986206055,-0.0029324591159820557,-0.0001971721649169922,0.6425861716270447,0.34283939003944397,-0.08229752629995346,0.9997963309288025,3.17692756652832e-05,-0.0009331107139587402,0.002352118492126465,0.7287763357162476,0.4193211793899536,-0.07372728735208511,0.9946687817573547,0.0009481310844421387,-0.0015754401683807373,-0.0009294524788856506,0.626369833946228,0.41783857345581055,-0.03469836339354515,0.8973785042762756,0.00039505958557128906,-0.00021970272064208984,0.001658618450164795,0.7348104119300842,0.4949614405632019,-0.17826268076896667,0.9914098978042603,0.0007876753807067871,-2.5570392608642578e-05,-0.003010690212249756,0.619763970375061,0.4849976897239685,-0.11044101417064667,0.9252731204032898,-0.0005928277969360352,0.00018602609634399414,0.0037953779101371765,0.7389675974845886,0.5184152722358704,-0.20794641971588135,0.9800934791564941,0.000903010368347168,-0.00012040138244628906,-0.003110930323600769,0.6154323220252991,0.5071343779563904,-0.1326499581336975,0.8960680961608887,-0.0009624361991882324,0.00015693902969360352,0.004717111587524414,0.7317227125167847,0.5173713564872742,-0.2348492592573166,0.9814824461936951,0.0005595088005065918,-0.00012880563735961914,-0.003330230712890625,0.6217661499977112,0.5047001242637634,-0.16174285113811493,0.9020575284957886,-0.0012576580047607422,0.00021058320999145508,0.004337683320045471,0.7287194132804871,0.5102061629295349,-0.19030989706516266,0.9757600426673889,0.0004063844680786133,-6.681680679321289e-05,-0.0031777918338775635,0.6253668069839478,0.4977417290210724,-0.12341302633285522,0.8932177424430847,-0.0009844303131103516,0.00029581785202026367,0.0037701427936553955,0.7011572122573853,0.4949414134025574,-0.009037334471940994,0.99952632188797,0.00022727251052856445,0.00039145350456237793,-0.00022682175040245056,0.6573606133460999,0.49154773354530334,0.00899138767272234,0.9993223547935486,0.0004932284355163574,6.595253944396973e-05,0.00022507179528474808,0.698723316192627,0.6132488250732422,-0.024293111637234688,0.8217414021492004,0.0003980398178100586,-5.602836608886719e-06,-0.0004211794584989548,0.6518374085426331,0.6093162894248962,-0.010520907118916512,0.7763336300849915,-0.0009863972663879395,0.00045287609100341797,-0.00018155481666326523,0.7025498151779175,0.7082751989364624,0.15177136659622192,0.7810823917388916,-0.0001704692840576172,0.00044798851013183594,0.0015646517276763916,0.6703535318374634,0.7105036973953247,0.1675163209438324,0.7742195725440979,0.00027167797088623047,-0.0010786056518554688,-0.002473488450050354,0.6993008852005005,0.7214275598526001,0.16355831921100616,0.6075270175933838,-0.00043505430221557617,0.0003546476364135742,0.0021732747554779053,0.6762563586235046,0.7232576012611389,0.17997491359710693,0.5650500059127808,0.0017428994178771973,-0.00025856494903564453,-0.00305388867855072,0.7127557396888733,0.7443878650665283,0.0636221319437027,0.783798098564148,-0.0006909966468811035,0.0019258856773376465,0.0023805275559425354,0.6564125418663025,0.7447312474250793,0.07959166169166565,0.7580089569091797,-0.0025313496589660645,-0.0035860538482666016,-0.004046931862831116
0.6717860698699951,0.27006995677948,-0.2571839690208435,0.9999157190322876,0.00014966726303100586,-0.0030022859573364258,0.013467907905578613,0.6776045560836792,0.25885266065597534,-0.24434860050678253,0.9998803734779358,0.00020742416381835938,-0.002910226583480835,0.013989225029945374,0.6815253496170044,0.25897642970085144,-0.24440035223960876,0.9998767971992493,0.00023484230041503906,-0.002896428108215332,0.013985961675643921,0.684482216835022,0.2591749131679535,-0.24442963302135468,0.999896764755249,0.00021767616271972656,-0.0028711557388305664,0.01399107277393341,0.6685174107551575,0.2592090368270874,-0.24206773936748505,0.9998247623443604,6.753206253051758e-05,-0.0031950175762176514,0.014112815260887146,0.6661489605903625,0.25959616899490356,-0.24208573997020721,0.9997664093971252,7.772445678710938e-05,-0.003283768892288208,0.014112576842308044,0.6641973853111267,0.2600831985473633,-0.24212658405303955,0.9997456073760986,5.7697296142578125e-05,-0.0033857226371765137,0.01409807801246643,0.6916119456291199,0.26555922627449036,-0.15643125772476196,0.9998524785041809,0.00033652782440185547,-0.002716541290283203,0.0129212886095047,0.6631819605827332,0.2671329379081726,-0.14732429385185242,0.9993221759796143,9.59634780883789e-05,-0.0035347044467926025,0.014205694198608398,0.6797325015068054,0.28407832980155945,-0.22346416115760803,0.9999365210533142,0.00010144710540771484,-0.002489238977432251,0.01279112696647644,0.6685186624526978,0.2841778099536896,-0.2207518070936203,0.9998568296432495,-2.9325485229492188e-05,-0.0028646886348724365,0.012956365942955017,0.7213910818099976,0.33609336614608765,-0.09926454722881317,0.999979555606842,0.0007682442665100098,-0.0028230249881744385,0.009131759405136108,0.6426920294761658,0.3408963978290558,-0.07585214823484421,0.9998069405555725,0.00010585784912109375,-0.0019429922103881836,0.006445378065109253,0.7293661832809448,0.4163089394569397,-0.07055748999118805,0.9942806959152222,0.0005898475646972656,-0.003012239933013916,0.003169797360897064,0.6269000768661499,0.4173795282840729,-0.028024256229400635,0.9042111039161682,0.000530242919921875,-0.0004590451717376709,0.006674107164144516,0.7356422543525696,0.4924820363521576,-0.16707941889762878,0.991014301776886,0.0008318424224853516,-0.0024794042110443115,0.01118326187133789,0.6195211410522461,0.48448753356933594,-0.10034921020269394,0.9286107420921326,-0.0002428293228149414,-0.0005101561546325684,0.010091803967952728,0.7399593591690063,0.5163450837135315,-0.19458535313606262,0.9793565273284912,0.0009917616844177246,-0.002070188522338867,0.013361066579818726,0.6149885058403015,0.5072135329246521,-0.12352272123098373,0.8992812037467957,-0.0004438161849975586,7.915496826171875e-05,0.009127236902713776,0.7332479357719421,0.5152437090873718,-0.22110672295093536,0.9807911515235901,0.0015252232551574707,-0.0021276473999023438,0.013742536306381226,0.620924174785614,0.5048190355300903,-0.14998269081115723,0.9051666855812073,-0.000841975212097168,0.0001189112663269043,0.011760160326957703,0.7300471067428589,0.5087184906005859,-0.17886118590831757,0.9750739336013794,0.0013276934623718262,-0.0014876723289489746,0.011448711156845093,0.6247357726097107,0.49782752990722656,-0.1125497817993164,0.8964498043060303,-0.0006310343742370605,8.58008861541748e-05,0.010863244533538818,0.701609194278717,0.49486783146858215,-0.007448148913681507,0.9995279312133789,0.0004519820213317871,-7.358193397521973e-05,0.0015891855582594872,0.6576928496360779,0.4915817975997925,0.007411516271531582,0.999348521232605,0.00033223628997802734,3.406405448913574e-05,-0.0015798714011907578,0.6994615793228149,0.6133509874343872,-0.018823735415935516,0.824662983417511,0.0007382631301879883,0.00010216236114501953,0.0054693762212991714,0.6511954665184021,0.6090826392173767,-0.017971133813261986,0.7908406853675842,-0.000641942024230957,-0.00023365020751953125,-0.007450226694345474,0.7001946568489075,0.7068930268287659,0.15742607414722443,0.7847688794136047,-0.0023551583290100098,-0.0013821721076965332,0.0056547075510025024,0.6703540682792664,0.7100064158439636,0.1671242117881775,0.7847422361373901,5.364418029785156e-07,-0.000497281551361084,-0.0003921091556549072,0.6951574087142944,0.7198436856269836,0.16988235712051392,0.6092491149902344,-0.004143476486206055,-0.001583874225616455,0.0063240379095077515,0.6760488152503967,0.722815752029419,0.17603012919425964,0.5706984400749207,-0.00020754337310791016,-0.0004418492317199707,-0.00394478440284729,0.712588906288147,0.7427708506584167,0.07618784159421921,0.7876447439193726,-0.00016683340072631836,-0.0016170144081115723,0.01256570965051651,0.65823894739151,0.7506175637245178,0.07631450891494751,0.7665101289749146,0.0018264055252075195,0.0058863162994384766,-0.0032771527767181396
0.6716861128807068,0.26676082611083984,-0.25710397958755493,0.9999228119850159,-9.995698928833008e-05,-0.0033091306686401367,7.998943328857422e-05,0.6775755882263184,0.2556741535663605,-0.24463069438934326,0.9998875856399536,-2.8967857360839844e-05,-0.003178507089614868,-0.00028209388256073,0.681454062461853,0.25575926899909973,-0.24468247592449188,0.9998842477798462,-7.128715515136719e-05,-0.003217160701751709,-0.0002821236848831177,0.6845772862434387,0.25586268305778503,-0.24471406638622284,0.999902606010437,9.506940841674805e-05,-0.003312230110168457,-0.00028443336486816406,0.668543815612793,0.2559090852737427,-0.24117068946361542,0.999835729598999,2.6404857635498047e-05,-0.0032999515533447266,0.0008970499038696289,0.6661204099655151,0.2562815845012665,-0.241181880235672,0.99978107213974,-2.855062484741211e-05,-0.003314584493637085,0.0009038597345352173,0.6641930937767029,0.25659090280532837,-0.24121534824371338,0.9997617602348328,-4.291534423828125e-06,-0.003492295742034912,0.0009112358093261719,0.6916937828063965,0.26157259941101074,-0.15819670259952545,0.9998604655265808,8.183717727661133e-05,-0.003986626863479614,-0.0017654448747634888,0.6632648706436157,0.26367753744125366,-0.14228349924087524,0.9993739724159241,8.291006088256836e-05,-0.0034554004669189453,0.005040794610977173,0.6794779896736145,0.2807016968727112,-0.22399410605430603,0.9999417662620544,-0.00025451183319091797,-0.0033766329288482666,-0.000529944896697998,0.6682330965995789,0.2812841236591339,-0.21964792907238007,0.9998691082000732,-0.0002855658531188965,-0.002893686294555664,0.0011038780212402344,0.722318708896637,0.3336974084377289,-0.10240598767995834,0.9999802112579346,0.0009276270866394043,-0.0023959577083587646,-0.003141440451145172,0.642866849899292,0.33891427516937256,-0.06756356358528137,0.9998176693916321,0.0001748204231262207,-0.0019821226596832275,0.008288584649562836,0.731087327003479,0.41396141052246094,-0.08247194439172745,0.9942530393600464,0.0017211437225341797,-0.0023475289344787598,-0.011914454400539398,0.627307116985321,0.41652601957321167,-0.013660512864589691,0.9093312621116638,0.0004070401191711426,-0.0008535087108612061,0.014363743364810944,0.7364888191223145,0.48955124616622925,-0.1891477108001709,0.990927517414093,0.000846564769744873,-0.0029307901859283447,-0.022068291902542114,0.6193460822105408,0.48423323035240173,-0.08801920711994171,0.9304925203323364,-0.00017505884170532227,-0.0002543032169342041,0.012330003082752228,0.7411064505577087,0.5137523412704468,-0.218906432390213,0.9792193174362183,0.0011470913887023926,-0.002592742443084717,-0.02432107925415039,0.6147693395614624,0.5072359442710876,-0.1112077608704567,0.9004358649253845,-0.00021916627883911133,2.2411346435546875e-05,0.012314960360527039,0.7345054149627686,0.5123999714851379,-0.24509993195533752,0.9806617498397827,0.001257479190826416,-0.0028437376022338867,-0.02399320900440216,0.620125949382782,0.5049289464950562,-0.13943497836589813,0.9063302278518677,-0.0007982254028320312,0.00010991096496582031,0.010547712445259094,0.731203556060791,0.5064085721969604,-0.20088303089141846,0.9749445915222168,0.001156449317932129,-0.0023099184036254883,-0.02202184498310089,0.6239092946052551,0.4979730546474457,-0.10117939859628677,0.8976444005966187,-0.0008264780044555664,0.0001455247402191162,0.011370383203029633,0.7031317353248596,0.49487072229385376,-0.007657485548406839,0.9995484352111816,0.0015225410461425781,2.8908252716064453e-06,-0.00020933663472533226,0.6579405069351196,0.4916025996208191,0.007633049041032791,0.9993802905082703,0.00024765729904174805,2.0802021026611328e-05,0.00022153276950120926,0.7009791731834412,0.6155015826225281,-0.023251326754689217,0.8346732258796692,0.0015175938606262207,0.002150595188140869,-0.0044275913387537,0.648712694644928,0.6089370846748352,-0.02537420392036438,0.8076426386833191,-0.002482771873474121,-0.0001455545425415039,-0.007403070107102394,0.7020261883735657,0.7126255035400391,0.15125718712806702,0.7973385453224182,0.0018315315246582031,0.005732476711273193,-0.00616888701915741,0.6696254014968872,0.7106429934501648,0.16256853938102722,0.7986846566200256,-0.0007286667823791504,0.0006365776062011719,-0.0045556724071502686,0.6970215439796448,0.7259320020675659,0.16360501945018768,0.6156501173973083,0.0018641352653503418,0.006088316440582275,-0.006277337670326233,0.6760295629501343,0.7235075235366821,0.17375777661800385,0.5833282470703125,-1.9252300262451172e-05,0.0006917715072631836,-0.0022723525762557983,0.7135913372039795,0.7508341073989868,0.06589435040950775,0.7984716892242432,0.0010024309158325195,0.008063256740570068,-0.010293491184711456,0.6587509512901306,0.7566781640052795,0.07359413802623749,0.7800294160842896,0.0005120038986206055,0.006060600280761719,-0.002720370888710022
0.6716986298561096,0.2633175551891327,-0.2501170337200165,0.9999285936355591,1.2516975402832031e-05,-0.0034432709217071533,0.006986945867538452,0.6776329278945923,0.2524479329586029,-0.2374962866306305,0.9998917579650879,5.733966827392578e-05,-0.0032262206077575684,0.0071344077587127686,0.6814930438995361,0.25268372893333435,-0.23755168914794922,0.9998887777328491,3.898143768310547e-05,-0.003075540065765381,0.007130786776542664,0.6846767663955688,0.25293102860450745,-0.23758716881275177,0.9999053478240967,9.948015213012695e-05,-0.002931654453277588,0.007126897573471069,0.6685225963592529,0.25215795636177063,-0.23325574398040771,0.9998424649238586,-2.1219253540039062e-05,-0.003751128911972046,0.007914945483207703,0.6660102009773254,0.25236260890960693,-0.23326559364795685,0.9997905492782593,-0.00011020898818969727,-0.003918975591659546,0.007916286587715149,0.6640912890434265,0.2525331676006317,-0.2333071231842041,0.9997716546058655,-0.00010180473327636719,-0.004057735204696655,0.007908225059509277,0.6917470693588257,0.25818949937820435,-0.15155448019504547,0.999864399433136,5.328655242919922e-05,-0.0033831000328063965,0.0066422224044799805,0.6632087230682373,0.2595304548740387,-0.13218747079372406,0.9994106888771057,-5.614757537841797e-05,-0.004147082567214966,0.010096028447151184,0.679382860660553,0.2773015797138214,-0.2172013521194458,0.9999456405639648,-9.512901306152344e-05,-0.0034001171588897705,0.0067927539348602295,0.667883038520813,0.27776962518692017,-0.21166498959064484,0.9998786449432373,-0.00035005807876586914,-0.003514498472213745,0.00798293948173523,0.7232509851455688,0.33045822381973267,-0.10054729878902435,0.9999799132347107,0.0009322762489318848,-0.003239184617996216,0.0018586888909339905,0.6428733468055725,0.3367440104484558,-0.058292001485824585,0.9998228549957275,6.496906280517578e-06,-0.002170264720916748,0.009271562099456787,0.7312119603157043,0.41138532757759094,-0.08384507149457932,0.993976354598999,0.0001246333122253418,-0.002576082944869995,-0.0013731271028518677,0.6275441646575928,0.4153042435646057,-0.0067484332248568535,0.9123368263244629,0.00023704767227172852,-0.001221776008605957,0.006912079639732838,0.7369220852851868,0.48637187480926514,-0.19247844815254211,0.9906433820724487,0.00043326616287231445,-0.0031793713569641113,-0.003330737352371216,0.619794487953186,0.48384517431259155,-0.08133940398693085,0.9308499097824097,0.00044840574264526367,-0.00038805603981018066,0.006679803133010864,0.7422321438789368,0.5107131600379944,-0.22229334712028503,0.9787634611129761,0.0011256933212280273,-0.0030391812324523926,-0.0033869147300720215,0.6152719259262085,0.5072310566902161,-0.10373304784297943,0.899632453918457,0.0005025863647460938,-4.887580871582031e-06,0.007474713027477264,0.7354897260665894,0.509508490562439,-0.2472148835659027,0.9802578687667847,0.0009843111038208008,-0.0028914809226989746,-0.0021149516105651855,0.6202570796012878,0.5049920678138733,-0.13106562197208405,0.9057281017303467,0.00013113021850585938,6.312131881713867e-05,0.008369356393814087,0.7318500876426697,0.5035457611083984,-0.2037510871887207,0.97445148229599,0.0006465315818786621,-0.0028628110885620117,-0.002868056297302246,0.6240366697311401,0.49793151021003723,-0.0940512865781784,0.8969056606292725,0.00012737512588500977,-4.1544437408447266e-05,0.007128112018108368,0.7036412954330444,0.4947659373283386,-0.00890438910573721,0.999557375907898,0.0005095601081848145,-0.00010478496551513672,-0.00124690355733037,0.6581372618675232,0.4916365444660187,0.008880514651536942,0.9994044899940491,0.00019675493240356445,3.394484519958496e-05,0.0012474656105041504,0.7023189067840576,0.616645097732544,-0.04151536151766777,0.841926634311676,0.001339733600616455,0.0011435151100158691,-0.018264034762978554,0.6471361517906189,0.6088079214096069,-0.03174799680709839,0.8216869831085205,-0.001576542854309082,-0.00012916326522827148,-0.006373792886734009,0.7043172717094421,0.7119976878166199,0.1647026687860489,0.8043209314346313,0.002291083335876465,-0.0006278157234191895,0.013445481657981873,0.6667345762252808,0.7111173868179321,0.16782577335834503,0.810871422290802,-0.0028908252716064453,0.000474393367767334,0.00525723397731781,0.6995311975479126,0.7243741750717163,0.1807364672422409,0.6194910407066345,0.0025096535682678223,-0.0015578269958496094,0.017131447792053223,0.6736016869544983,0.7241960763931274,0.18260279297828674,0.5968281626701355,-0.0024278759956359863,0.0006885528564453125,0.008845016360282898,0.7178560495376587,0.7497059106826782,0.08537562191486359,0.804412841796875,0.004264712333679199,-0.0011281967163085938,0.019481271505355835,0.6514717936515808,0.753920316696167,0.08335734903812408,0.7908787727355957,-0.007279157638549805,-0.002757847309112549,0.009763211011886597
0.67132967710495,0.25857964158058167,-0.23466387391090393,0.9999333024024963,-0.00036895275115966797,-0.004737913608551025,0.015453159809112549,0.677556574344635,0.24789264798164368,-0.22207453846931458,0.9998934268951416,-7.635354995727539e-05,-0.0045552849769592285,0.015421748161315918,0.6814697980880737,0.24837535619735718,-0.22213204205036163,0.9998906850814819,-2.3245811462402344e-05,-0.004308372735977173,0.015419647097587585,0.6847458481788635,0.24884577095508575,-0.22216388583183289,0.999906063079834,6.908178329467773e-05,-0.004085257649421692,0.015423282980918884,0.668293833732605,0.24746204912662506,-0.21728232502937317,0.9998458027839661,-0.00022876262664794922,-0.004695907235145569,0.015973418951034546,0.6657629013061523,0.24760475754737854,-0.21728229522705078,0.9997954368591309,-0.0002472996711730957,-0.0047578513622283936,0.015983298420906067,0.6639042496681213,0.2478114515542984,-0.21731188893318176,0.9997767806053162,-0.00018703937530517578,-0.004721716046333313,0.01599523425102234,0.6917980909347534,0.25460758805274963,-0.1397758573293686,0.9998655319213867,5.1021575927734375e-05,-0.003581911325454712,0.01177862286567688,0.6630963683128357,0.2554764151573181,-0.116943359375,0.9994352459907532,-0.00011235475540161133,-0.004054039716720581,0.01524411141872406,0.6790490746498108,0.2728802263736725,-0.2033674716949463,0.9999489784240723,-0.0003337860107421875,-0.004421353340148926,0.013833880424499512,0.6672476530075073,0.27288883924484253,-0.19680292904376984,0.9998863339424133,-0.0006353855133056641,-0.004880785942077637,0.014862060546875,0.7233687043190002,0.3266638219356537,-0.09775008261203766,0.9999802112579346,0.00011771917343139648,-0.0037944018840789795,0.0027972161769866943,0.6425929665565491,0.33508583903312683,-0.04458863288164139,0.9998273849487305,-0.0002803802490234375,-0.0016581714153289795,0.013703368604183197,0.7318006753921509,0.4072415232658386,-0.08790761232376099,0.9938801527023315,0.0005887150764465332,-0.004143804311752319,-0.004062540829181671,0.6279140710830688,0.4145059883594513,0.006806478835642338,0.9141731858253479,0.0003699064254760742,-0.0007982552051544189,0.013554912060499191,0.7369608283042908,0.48111698031425476,-0.1978766918182373,0.9905428290367126,3.8743019104003906e-05,-0.005254894495010376,-0.00539824366569519,0.6200961470603943,0.48314470052719116,-0.06913173198699951,0.9322765469551086,0.00030165910720825195,-0.0007004737854003906,0.012207671999931335,0.7422286868095398,0.5059220790863037,-0.22836759686470032,0.9787529110908508,-3.4570693969726562e-06,-0.004791080951690674,-0.006074249744415283,0.6154301762580872,0.5067704319953918,-0.09146358072757721,0.9009521007537842,0.0001582503318786621,-0.00046062469482421875,0.012269467115402222,0.7355496287345886,0.5045875310897827,-0.2520444393157959,0.9802142977714539,5.990266799926758e-05,-0.00492095947265625,-0.0048295557498931885,0.620103657245636,0.504612386226654,-0.12016446888446808,0.9069869518280029,-0.00015342235565185547,-0.0003796815872192383,0.010901153087615967,0.7318617105484009,0.4975585341453552,-0.20866315066814423,0.9744098782539368,1.1622905731201172e-05,-0.005987226963043213,-0.004912063479423523,0.6239436864852905,0.4972952902317047,-0.08254919946193695,0.8981629610061646,-9.298324584960938e-05,-0.0006362199783325195,0.011502087116241455,0.7037522196769714,0.4948572814464569,-0.014039566740393639,0.9995812177658081,0.00011092424392700195,9.134411811828613e-05,-0.005135177634656429,0.6581322550773621,0.4917244613170624,0.013975839130580425,0.9994372129440308,-5.0067901611328125e-06,8.791685104370117e-05,0.005095324479043484,0.702984094619751,0.6188214421272278,-0.04360032454133034,0.8519140481948853,0.0006651878356933594,0.002176344394683838,-0.002084963023662567,0.645684003829956,0.6094208359718323,-0.031250208616256714,0.8355603218078613,-0.0014521479606628418,0.0006129145622253418,0.0004977881908416748,0.7071142196655273,0.7144594788551331,0.15500357747077942,0.8158724904060364,0.002796947956085205,0.0024617910385131836,-0.00969909131526947,0.6628127098083496,0.7111316323280334,0.17970368266105652,0.8238617777824402,-0.003921866416931152,1.424551010131836e-05,0.011877909302711487,0.7030028700828552,0.7275208830833435,0.16880837082862854,0.623135507106781,0.003471672534942627,0.0031467080116271973,-0.011928096413612366,0.6708670854568481,0.7241834402084351,0.19437173008918762,0.613556981086731,-0.0027346014976501465,-1.2636184692382812e-05,0.011768937110900879,0.7199274301528931,0.749493420124054,0.07684667408466339,0.8140495419502258,0.002071380615234375,-0.00021249055862426758,-0.008528947830200195,0.6475936770439148,0.7560929656028748,0.0982024073600769,0.8040887117385864,-0.0038781166076660156,0.0021726489067077637,0.01484505832195282
0.6701697111129761,0.2566309869289398,-0.23806805908679962,0.9999364614486694,-0.001159965991973877,-0.0019486546516418457,-0.003404185175895691,0.6766811609268188,0.2457098662853241,-0.22648224234580994,0.9998908042907715,-0.0008754134178161621,-0.00218278169631958,-0.004407703876495361,0.6805989742279053,0.24604974687099457,-0.2265394926071167,0.9998883605003357,-0.000870823860168457,-0.00232560932636261,-0.004407450556755066,0.6841298341751099,0.24644668400287628,-0.22657032310962677,0.9999030828475952,-0.0006160140037536621,-0.0023990869522094727,-0.004406437277793884,0.6674080491065979,0.24560734629631042,-0.22067829966545105,0.9998438954353333,-0.0008857846260070801,-0.0018547028303146362,-0.003395974636077881,0.6650751829147339,0.24575726687908173,-0.22068385779857635,0.9997928738594055,-0.000687718391418457,-0.001847490668296814,-0.0034015625715255737,0.663207471370697,0.2459690123796463,-0.22072283923625946,0.999774158000946,-0.0006967782974243164,-0.0018424391746520996,-0.0034109503030776978,0.6915205717086792,0.25244805216789246,-0.14601145684719086,0.9998611211776733,-0.00027751922607421875,-0.0021595358848571777,-0.006235599517822266,0.6626473665237427,0.25363555550575256,-0.11983597278594971,0.9994374513626099,-0.0004490017890930176,-0.0018408596515655518,-0.002892613410949707,0.6777819991111755,0.27067092061042786,-0.2077147215604782,0.9999503493309021,-0.001267075538635254,-0.002209305763244629,-0.004347249865531921,0.6663001179695129,0.2709500193595886,-0.19993972778320312,0.9998899102210999,-0.0009475350379943848,-0.0019388198852539062,-0.0031367987394332886,0.7234658002853394,0.32379648089408875,-0.10377415269613266,0.9999787211418152,9.709596633911133e-05,-0.0028673410415649414,-0.006024070084095001,0.6424027681350708,0.33347687125205994,-0.04517420381307602,0.9998262524604797,-0.00019019842147827148,-0.0016089677810668945,-0.0005855709314346313,0.7323979139328003,0.4047788679599762,-0.10655485093593597,0.9936859011650085,0.0005972385406494141,-0.0024626553058624268,-0.018647238612174988,0.6285775899887085,0.4138668477535248,0.008224096149206161,0.9132090210914612,0.0006635189056396484,-0.0006391406059265137,0.0014176173135638237,0.7369096875190735,0.47856947779655457,-0.21703684329986572,0.9902267456054688,-5.1140785217285156e-05,-0.0025475025177001953,-0.019160151481628418,0.6197356581687927,0.48187193274497986,-0.06683455407619476,0.9316675066947937,-0.0003604888916015625,-0.0012727677822113037,0.0022971779108047485,0.7420710325241089,0.5026469230651855,-0.24806484580039978,0.9782988429069519,-0.0001576542854309082,-0.003275156021118164,-0.019697248935699463,0.614683210849762,0.5059402585029602,-0.08839912712574005,0.8994519114494324,-0.0007469654083251953,-0.0008301734924316406,0.003064453601837158,0.7354231476783752,0.5013941526412964,-0.2714002728462219,0.9797945618629456,-0.0001264810562133789,-0.003193378448486328,-0.019355833530426025,0.6184366941452026,0.5041424036026001,-0.1170063242316246,0.9056485891342163,-0.0016669631004333496,-0.0004699826240539551,0.0031581446528434753,0.7317737340927124,0.4942741394042969,-0.2276626080274582,0.9739245176315308,-8.797645568847656e-05,-0.0032843947410583496,-0.018999457359313965,0.6224592924118042,0.4964923858642578,-0.0802980586886406,0.8967112898826599,-0.0014843940734863281,-0.0008029043674468994,0.002251140773296356,0.7037930488586426,0.4943304657936096,-0.016923630610108376,0.9995831847190857,4.082918167114258e-05,-0.00052681565284729,-0.002884063869714737,0.6581125855445862,0.4909664988517761,0.016871009021997452,0.9994581937789917,-1.9669532775878906e-05,-0.0007579624652862549,0.0028951698914170265,0.7027904987335205,0.6182683110237122,-0.04391220211982727,0.8583699464797974,-0.00019359588623046875,-0.000553131103515625,-0.000311877578496933,0.6452854871749878,0.6090652346611023,-0.025682607665657997,0.8476914167404175,-0.0003985166549682617,-0.00035560131072998047,0.005567600950598717,0.7053444981575012,0.7094890475273132,0.1645740270614624,0.8234657049179077,-0.001769721508026123,-0.004970431327819824,0.009570449590682983,0.6633142828941345,0.7120900750160217,0.18424686789512634,0.8356031179428101,0.0005015730857849121,0.0009584426879882812,0.004543185234069824,0.701158344745636,0.7216508388519287,0.18016307055950165,0.6306336522102356,-0.0018445253372192383,-0.005870044231414795,0.011354699730873108,0.6714268922805786,0.7240428924560547,0.19935329258441925,0.6316867470741272,0.0005598068237304688,-0.0001405477523803711,0.004981562495231628,0.7187062501907349,0.7489364743232727,0.0865822434425354,0.8208194971084595,-0.0012211799621582031,-0.00055694580078125,0.00973556935787201,0.6415761709213257,0.7514234781265259,0.104799784719944,0.8156413435935974,-0.006017506122589111,-0.004669487476348877,0.006597377359867096
0.6686301231384277,0.25469300150871277,-0.2333158254623413,0.9999393820762634,-0.0015395879745483398,-0.0019379854202270508,0.004752233624458313,0.6754355430603027,0.24375493824481964,-0.22211787104606628,0.9998894929885864,-0.0012456178665161133,-0.0019549280405044556,0.004364371299743652,0.6794273853302002,0.2438744157552719,-0.22218501567840576,0.9998868703842163,-0.0011715888977050781,-0.0021753311157226562,0.0043544769287109375,0.6831627488136292,0.2441668063402176,-0.2222234457731247,0.9999016523361206,-0.0009670853614807129,-0.0022798776626586914,0.004346877336502075,0.666032075881958,0.2440592497587204,-0.21515870094299316,0.9998428225517273,-0.0013759732246398926,-0.0015480965375900269,0.005519598722457886,0.6639297604560852,0.24422957003116608,-0.21515615284442902,0.9997901916503906,-0.0011454224586486816,-0.0015276968479156494,0.005527704954147339,0.6618085503578186,0.24451637268066406,-0.21519312262535095,0.9997721314430237,-0.001398921012878418,-0.0014526396989822388,0.005529716610908508,0.6908974647521973,0.25050097703933716,-0.14285492897033691,0.9998599886894226,-0.0006231069564819336,-0.0019470751285552979,0.003156527876853943,0.661596953868866,0.2522962689399719,-0.11014225333929062,0.9994339346885681,-0.001050412654876709,-0.0013392865657806396,0.009693719446659088,0.6765726804733276,0.269037127494812,-0.20307250320911407,0.9999521970748901,-0.0012093186378479004,-0.0016337931156158447,0.004642218351364136,0.6652011871337891,0.26935699582099915,-0.19356943666934967,0.9998940229415894,-0.001098930835723877,-0.0015930235385894775,0.006370291113853455,0.7234026193618774,0.3193153738975525,-0.10335709899663925,0.9999780654907227,-6.318092346191406e-05,-0.004481106996536255,0.0004170536994934082,0.6423847675323486,0.33142566680908203,-0.031962983310222626,0.9998200535774231,-1.800060272216797e-05,-0.0020512044429779053,0.013211220502853394,0.7331781387329102,0.40182018280029297,-0.10952769219875336,0.9937142729759216,0.0007802248001098633,-0.0029586851596832275,-0.002972841262817383,0.6294629573822021,0.4129655659198761,0.0210843738168478,0.9109194278717041,0.0008853673934936523,-0.0009012818336486816,0.01286027766764164,0.7368899583816528,0.4752362072467804,-0.22521214187145233,0.9904029965400696,-1.9729137420654297e-05,-0.00333327054977417,-0.008175298571586609,0.619349479675293,0.48048076033592224,-0.06255826354026794,0.9314786791801453,-0.00038617849349975586,-0.0013911724090576172,0.004276290535926819,0.7420311570167542,0.49999815225601196,-0.2584032416343689,0.9787671566009521,-3.987550735473633e-05,-0.002648770809173584,-0.010338395833969116,0.6135997772216797,0.5046560764312744,-0.08554515987634659,0.8991550803184509,-0.0010834336280822754,-0.001284182071685791,0.002853967249393463,0.7353241443634033,0.4986213147640228,-0.2817840278148651,0.9801997542381287,-9.900331497192383e-05,-0.0027728378772735596,-0.010383754968643188,0.6170459985733032,0.5031290650367737,-0.1149725690484047,0.9054121971130371,-0.001390695571899414,-0.001013338565826416,0.0020337551832199097,0.7315397262573242,0.49127617478370667,-0.23581108450889587,0.9743705987930298,-0.0002340078353881836,-0.00299796462059021,-0.008148476481437683,0.6213511228561401,0.49539247155189514,-0.0765620619058609,0.8961893916130066,-0.0011081695556640625,-0.001099914312362671,0.0037359967827796936,0.7038068175315857,0.49386540055274963,-0.018476154655218124,0.9995894432067871,1.3768672943115234e-05,-0.00046506524085998535,-0.0015525240451097488,0.6578611135482788,0.49081000685691833,0.01844412460923195,0.9994834661483765,-0.00025147199630737305,-0.00015649199485778809,0.001573115587234497,0.7025595307350159,0.6181049942970276,-0.045168906450271606,0.8664396405220032,-0.00023096799850463867,-0.0001633167266845703,-0.001256704330444336,0.6450536847114563,0.6091976761817932,-0.028015678748488426,0.8601871728897095,-0.00023180246353149414,0.00013244152069091797,-0.002333071082830429,0.7013969421386719,0.7064501643180847,0.1814323365688324,0.831461489200592,-0.003947556018829346,-0.0030388832092285156,0.016858309507369995,0.663028359413147,0.7165190577507019,0.1773962825536728,0.8482122421264648,-0.00028592348098754883,0.004428982734680176,-0.006850585341453552,0.6962610483169556,0.7174921631813049,0.19897116720676422,0.6376314163208008,-0.00489729642868042,-0.004158675670623779,0.018808096647262573,0.6715470552444458,0.7287746667861938,0.19079096615314484,0.6514120697975159,0.0001201629638671875,0.00473177433013916,-0.008562326431274414,0.7176918983459473,0.7475963830947876,0.10437562316656113,0.8279404640197754,-0.0010143518447875977,-0.0013400912284851074,0.017793379724025726,0.6374078392982483,0.7506504058837891,0.09512711316347122,0.8282797336578369,-0.004168331623077393,-0.0007730722427368164,-0.009672671556472778
0.6667976379394531,0.25285616517066956,-0.22735877335071564,0.9999406337738037,-0.0018324851989746094,-0.0018368363380432129,0.005957052111625671,0.6733421087265015,0.24181294441223145,-0.21694917976856232,0.9998849034309387,-0.0020934343338012695,-0.0019419938325881958,0.005168691277503967,0.6774213314056396,0.24187006056308746,-0.2170269936323166,0.9998825192451477,-0.002006053924560547,-0.0020043551921844482,0.005158022046089172,0.6813796162605286,0.24205081164836884,-0.2170732021331787,0.999897837638855,-0.001783132553100586,-0.002115994691848755,0.005150243639945984,0.6644543409347534,0.24217768013477325,-0.20876796543598175,0.9998341202735901,-0.0015777349472045898,-0.0018815696239471436,0.006390735507011414,0.6624578237533569,0.24237608909606934,-0.20876209437847137,0.999777615070343,-0.0014719367027282715,-0.0018534809350967407,0.006394058465957642,0.660009503364563,0.24277617037296295,-0.20879964530467987,0.9997588992118835,-0.0017990469932556152,-0.0017402023077011108,0.0063934773206710815,0.6896576881408691,0.24838539958000183,-0.14040586352348328,0.9998562932014465,-0.001239776611328125,-0.002115577459335327,0.0024490654468536377,0.6605240106582642,0.2504669427871704,-0.10182199627161026,0.9994063377380371,-0.0010729432106018066,-0.0018293261528015137,0.008320257067680359,0.6751232743263245,0.26701924204826355,-0.19799816608428955,0.9999533891677856,-0.0014494061470031738,-0.002017885446548462,0.005074337124824524,0.6640803217887878,0.2672254741191864,-0.18678893148899078,0.9998950958251953,-0.0011208653450012207,-0.002131521701812744,0.006780505180358887,0.7232494950294495,0.3174220323562622,-0.10338471084833145,0.9999780654907227,-0.00015312433242797852,-0.0018933415412902832,-2.7611851692199707e-05,0.6422916054725647,0.329132080078125,-0.021129410713911057,0.9998108744621277,-9.316205978393555e-05,-0.0022935867309570312,0.01083357259631157,0.733328640460968,0.39930519461631775,-0.11147540807723999,0.9937398433685303,0.00015050172805786133,-0.0025149881839752197,-0.0019477158784866333,0.6296560764312744,0.4114795923233032,0.03731292486190796,0.9074987769126892,0.00019311904907226562,-0.001485973596572876,0.016228551045060158,0.7366617918014526,0.4744616746902466,-0.22896692156791687,0.9905704259872437,-0.0002281665802001953,-0.0007745325565338135,-0.0037547796964645386,0.6188775300979614,0.478906512260437,-0.0456436425447464,0.9309205412864685,-0.00047194957733154297,-0.0015742480754852295,0.016914620995521545,0.7418085932731628,0.4990437626838684,-0.2637331783771515,0.9792190194129944,-0.0002225637435913086,-0.0009543895721435547,-0.005329936742782593,0.6128268837928772,0.5032640099525452,-0.06837905943393707,0.8983094096183777,-0.0007728934288024902,-0.001392066478729248,0.017166100442409515,0.7350528836250305,0.49736690521240234,-0.2869357168674469,0.9806029796600342,-0.00027126073837280273,-0.0012544095516204834,-0.005151689052581787,0.6158421039581299,0.5023248791694641,-0.10055263340473175,0.904638409614563,-0.0012038946151733398,-0.0008041858673095703,0.014419935643672943,0.7312715649604797,0.49007660150527954,-0.23967185616493225,0.9748020172119141,-0.0002681612968444824,-0.001199573278427124,-0.003860771656036377,0.6202643513679504,0.4946618676185608,-0.06094679981470108,0.8953185677528381,-0.0010867714881896973,-0.0007306039333343506,0.01561526209115982,0.7037224173545837,0.4937203526496887,-0.022610418498516083,0.9996014833450317,-8.440017700195312e-05,-0.00014504790306091309,-0.004134263843297958,0.6572612524032593,0.49056994915008545,0.02260277047753334,0.9995006322860718,-0.0005998611450195312,-0.00024005770683288574,0.004158645868301392,0.7012218236923218,0.6198689937591553,-0.05333777144551277,0.8728113174438477,-0.0013377070426940918,0.0017639994621276855,-0.008168864995241165,0.6440719366073608,0.6091729402542114,-0.017602114006876945,0.869944155216217,-0.000981748104095459,-2.473592758178711e-05,0.01041356474161148,0.698487401008606,0.7060372829437256,0.17541326582431793,0.8374194502830505,-0.002909541130065918,-0.00041288137435913086,-0.006019070744514465,0.6565801501274109,0.7164590358734131,0.19943487644195557,0.8577815294265747,-0.006448209285736084,-6.002187728881836e-05,0.022038593888282776,0.693979799747467,0.7167608141899109,0.19274747371673584,0.6417190432548523,-0.0022812485694885254,-0.000731348991394043,-0.006223693490028381,0.6647788882255554,0.7287638783454895,0.21540124714374542,0.6662089228630066,-0.006768167018890381,-1.0788440704345703e-05,0.024610280990600586,0.7138325572013855,0.7465922832489014,0.09649854898452759,0.8327258229255676,-0.0038593411445617676,-0.0010040998458862305,-0.007877074182033539,0.6320284008979797,0.7500353455543518,0.11806142330169678,0.8376754522323608,-0.005379438400268555,-0.0006150603294372559,0.022934310138225555
0.6639844179153442,0.24863304197788239,-0.22945502400398254,0.9999440908432007,-0.0028132200241088867,-0.00422312319278717,-0.0020962506532669067,0.6701046824455261,0.238216370344162,-0.21909132599830627,0.9998889565467834,-0.003237426280975342,-0.003596574068069458,-0.0021421462297439575,0.6743431091308594,0.23827511072158813,-0.2191648930311203,0.999886691570282,-0.0030782222747802734,-0.0035949498414993286,-0.002137899398803711,0.6786759495735168,0.23846369981765747,-0.21920423209667206,0.9999015927314758,-0.0027036666870117188,-0.0035871118307113647,-0.002131029963493347,0.6618177890777588,0.23862753808498383,-0.2106623649597168,0.9998396039009094,-0.002636551856994629,-0.0035501420497894287,-0.0018943995237350464,0.6594217419624329,0.23900310695171356,-0.21065624058246613,0.9997847676277161,-0.0030360817909240723,-0.003372982144355774,-0.001894146203994751,0.6570149660110474,0.23948532342910767,-0.21069136261940002,0.9997671246528625,-0.002994537353515625,-0.0032908469438552856,-0.0018917173147201538,0.6881486177444458,0.24533076584339142,-0.14270004630088806,0.9998623728752136,-0.0015090703964233398,-0.0030546337366104126,-0.002294182777404785,0.6585620045661926,0.24786822497844696,-0.10388044267892838,0.9994290471076965,-0.001962006092071533,-0.0025987178087234497,-0.0020584464073181152,0.6717833876609802,0.263143926858902,-0.20056557655334473,0.9999563694000244,-0.0033398866653442383,-0.0038753151893615723,-0.0025674104690551758,0.6615105867385864,0.2632383108139038,-0.18921896815299988,0.9999014735221863,-0.002569735050201416,-0.003987163305282593,-0.0024300366640090942,0.7231511473655701,0.31726303696632385,-0.10322277247905731,0.9999778270721436,-9.834766387939453e-05,-0.0001589953899383545,0.0001619383692741394,0.641063928604126,0.32830631732940674,-0.02571623958647251,0.9998084902763367,-0.0012276768684387207,-0.0008257627487182617,-0.004586828872561455,0.7334417104721069,0.39905932545661926,-0.1087987869977951,0.9937978982925415,0.00011307001113891602,-0.00024586915969848633,0.0026766210794448853,0.629630982875824,0.4104989767074585,0.03248531371355057,0.9053929448127747,-2.5093555450439453e-05,-0.0009806156158447266,-0.004827611148357391,0.7354871034622192,0.4735639989376068,-0.22609016299247742,0.9906905293464661,-0.0011746883392333984,-0.0008976757526397705,0.002876758575439453,0.6178496479988098,0.4787217080593109,-0.05250682681798935,0.9285778999328613,-0.0010278820991516113,-0.00018480420112609863,-0.0068631842732429504,0.7400771379470825,0.49799302220344543,-0.260172039270401,0.9795149564743042,-0.0017314553260803223,-0.0010507404804229736,0.0035611391067504883,0.6119975447654724,0.5032405257225037,-0.07593681663274765,0.8948180675506592,-0.0008293390274047852,-2.3484230041503906e-05,-0.007557757198810577,0.7326326370239258,0.4959438145160675,-0.2847704589366913,0.9808616042137146,-0.0024202466011047363,-0.0014230906963348389,0.0021652579307556152,0.6151561141014099,0.5023666620254517,-0.1070985347032547,0.9012964963912964,-0.0006859898567199707,4.178285598754883e-05,-0.006545901298522949,0.7289977073669434,0.48869550228118896,-0.23714235424995422,0.9750744700431824,-0.002273857593536377,-0.0013810992240905762,0.0025295019149780273,0.619454026222229,0.4946070909500122,-0.06736454367637634,0.8913103342056274,-0.0008103251457214355,-5.4776668548583984e-05,-0.0064177438616752625,0.7020092606544495,0.49348360300064087,-0.018931757658720016,0.999604344367981,-0.0017131567001342773,-0.00023674964904785156,0.0036786608397960663,0.6551304459571838,0.4897153973579407,0.01896466501057148,0.999514102935791,-0.0021308064460754395,-0.0008545517921447754,-0.0036381054669618607,0.6983083486557007,0.6194788217544556,-0.04920584708452225,0.8795849084854126,-0.0029134750366210938,-0.00039017200469970703,0.004131924360990524,0.6439147591590881,0.6099590063095093,-0.018370483070611954,0.8800441026687622,-0.00015717744827270508,0.0007860660552978516,-0.0007683690637350082,0.6748594045639038,0.7053230404853821,0.2006978988647461,0.8444125652313232,-0.02362799644470215,-0.0007142424583435059,0.02528463304042816,0.6509419679641724,0.7183387875556946,0.18841643631458282,0.8680150508880615,-0.005638182163238525,0.0018797516822814941,-0.011018440127372742,0.6722794771194458,0.7127922177314758,0.21966269612312317,0.6541029810905457,-0.02170032262802124,-0.003968596458435059,0.02691522240638733,0.6538780331611633,0.730263888835907,0.20294328033924103,0.6795346140861511,-0.01090085506439209,0.0015000104904174805,-0.012457966804504395,0.6828492879867554,0.7461487650871277,0.12224587053060532,0.8394204378128052,-0.030983269214630127,-0.00044351816177368164,0.02574732154607773,0.6311272382736206,0.7504776120185852,0.10737049579620361,0.8480658531188965,-0.0009011626243591309,0.00044226646423339844,-0.010690927505493164
0.6604592204093933,0.24733810126781464,-0.2130066454410553,0.999945878982544,-0.0035251975059509277,-0.001294940710067749,0.016448378562927246,0.6666837930679321,0.23666831851005554,-0.20434412360191345,0.9998894929885864,-0.003420889377593994,-0.0015480518341064453,0.014747202396392822,0.6706632971763611,0.2366570681333542,-0.20442600548267365,0.9998874068260193,-0.003679811954498291,-0.0016180425882339478,0.014738887548446655,0.6750809550285339,0.23683451116085052,-0.20446284115314484,0.9999024868011475,-0.00359499454498291,-0.0016291886568069458,0.014741390943527222,0.6587778329849243,0.23711512982845306,-0.19406795501708984,0.999838650226593,-0.0030399560928344727,-0.0015124082565307617,0.016594409942626953,0.656568169593811,0.23744355142116547,-0.1940496861934662,0.9997839331626892,-0.002853572368621826,-0.0015595555305480957,0.01660655438899994,0.654448390007019,0.23789720237255096,-0.19407710433006287,0.9997673034667969,-0.0025665760040283203,-0.0015881210565567017,0.016614258289337158,0.6861075162887573,0.24428622424602509,-0.13427171111106873,0.999862015247345,-0.0020411014556884766,-0.001044541597366333,0.008428335189819336,0.6566932201385498,0.24611784517765045,-0.08690787851810455,0.9994280338287354,-0.0018687844276428223,-0.0017503798007965088,0.016972564160823822,0.6671580076217651,0.26202157139778137,-0.18644921481609344,0.9999582767486572,-0.004625380039215088,-0.0011223554611206055,0.014116361737251282,0.6581487655639648,0.26202496886253357,-0.1726180464029312,0.9999055862426758,-0.003361821174621582,-0.0012133419513702393,0.016600921750068665,0.7209521532058716,0.3150455057621002,-0.0969717726111412,0.9999777674674988,-0.0021989941596984863,-0.002217531204223633,0.006250999867916107,0.6396996974945068,0.326896607875824,-0.008939945138990879,0.9998090267181396,-0.0013642311096191406,-0.0014097094535827637,0.016776294447481632,0.7325208783149719,0.39924028515815735,-0.10611081123352051,0.9936817288398743,-0.0009208321571350098,0.00018095970153808594,0.002687975764274597,0.6293142437934875,0.4101375639438629,0.05631832405924797,0.9040673971176147,-0.0003167390823364258,-0.00036141276359558105,0.023833010345697403,0.73340904712677,0.4726088345050812,-0.22008883953094482,0.9905405640602112,-0.0020780563354492188,-0.0009551644325256348,0.006001323461532593,0.6165168881416321,0.4789701998233795,-0.024794375523924828,0.9278466701507568,-0.0013327598571777344,0.0002484917640686035,0.027712451294064522,0.7365270853042603,0.49769410490989685,-0.2539736032485962,0.9792959690093994,-0.0035500526428222656,-0.000298917293548584,0.00619843602180481,0.611137330532074,0.5032340884208679,-0.04676518961787224,0.8934748768806458,-0.0008602142333984375,-6.4373016357421875e-06,0.029171627014875412,0.7293760776519775,0.4949900209903717,-0.27829059958457947,0.9806374907493591,-0.003256559371948242,-0.0009537935256958008,0.006479859352111816,0.6137992739677429,0.5024187564849854,-0.07932324707508087,0.9000758528709412,-0.0013568401336669922,5.2094459533691406e-05,0.027775287628173828,0.726247251033783,0.48753592371940613,-0.23105958104133606,0.9746744632720947,-0.0027504563331604004,-0.001159578561782837,0.006082773208618164,0.6176988482475281,0.49470794200897217,-0.04008195176720619,0.8895931243896484,-0.0017551779747009277,0.00010085105895996094,0.02728259190917015,0.7014085650444031,0.49338626861572266,-0.018548637628555298,0.9996128082275391,-0.0006006956100463867,-9.733438491821289e-05,0.00038312003016471863,0.6537966132164001,0.4896785616874695,0.018601274117827415,0.999517023563385,-0.0013338327407836914,-3.6835670471191406e-05,-0.00036339089274406433,0.6983670592308044,0.6192302107810974,-0.04747650772333145,0.8860601186752319,5.8710575103759766e-05,-0.0002486109733581543,0.001729339361190796,0.6433979272842407,0.610966145992279,-0.010903432965278625,0.8885697722434998,-0.0005168318748474121,0.0010071396827697754,0.007467050105333328,0.6825595498085022,0.7097206711769104,0.18584352731704712,0.8527781367301941,0.007700145244598389,0.00439763069152832,-0.014854371547698975,0.6463927626609802,0.7205742597579956,0.18481633067131042,0.8763102293014526,-0.004549205303192139,0.0022354722023010254,-0.0036001056432724,0.677554726600647,0.7201156616210938,0.2014867067337036,0.6629481315612793,0.005275249481201172,0.00732344388961792,-0.018175989389419556,0.6482200026512146,0.7319232225418091,0.20143277943134308,0.6842981576919556,-0.0056580305099487305,0.0016593337059020996,-0.0015105009078979492,0.6925148367881775,0.749640166759491,0.08551520854234695,0.8469003438949585,0.00966554880142212,0.0034914016723632812,-0.03673066198825836,0.6304960250854492,0.7526471018791199,0.0900740772485733,0.8567662239074707,-0.0006312131881713867,0.002169489860534668,-0.01729641854763031
0.6568201780319214,0.24676908552646637,-0.18379981815814972,0.9999445676803589,-0.003639042377471924,-0.0005690157413482666,0.02920682728290558,0.6633263826370239,0.2356138974428177,-0.17787182331085205,0.9998824000358582,-0.003357410430908203,-0.001054421067237854,0.0264723002910614,0.6671358942985535,0.23546628654003143,-0.17795607447624207,0.9998802542686462,-0.003527402877807617,-0.001190781593322754,0.02646993100643158,0.6713816523551941,0.23548001050949097,-0.17799171805381775,0.9998966455459595,-0.0036993026733398438,-0.001354500651359558,0.026471123099327087,0.6558869481086731,0.23662009835243225,-0.1658688485622406,0.9998274445533752,-0.0028908848762512207,-0.000495031476020813,0.028199106454849243,0.653915524482727,0.23716242611408234,-0.16584870219230652,0.9997697472572327,-0.0026526451110839844,-0.0002811253070831299,0.028200984001159668,0.6519438028335571,0.23779311776161194,-0.16588449478149414,0.9997542500495911,-0.002504587173461914,-0.00010408461093902588,0.028192609548568726,0.6840589642524719,0.24304290115833282,-0.11990420520305634,0.9998547434806824,-0.0020485520362854004,-0.0012433230876922607,0.01436750590801239,0.6553708910942078,0.24535349011421204,-0.06477204710245132,0.9993976950645447,-0.001322329044342041,-0.0007643550634384155,0.02213583141565323,0.6638235449790955,0.26123788952827454,-0.1614779382944107,0.9999580383300781,-0.0033344626426696777,-0.0007836818695068359,0.02497127652168274,0.6554384231567383,0.261455237865448,-0.14540866017341614,0.9999042749404907,-0.0027103424072265625,-0.0005697309970855713,0.027209386229515076,0.7189220190048218,0.31323468685150146,-0.08920161426067352,0.9999766945838928,-0.0020301342010498047,-0.0018108189105987549,0.007770158350467682,0.6383839845657349,0.3259009122848511,0.008786366321146488,0.9998059272766113,-0.0013157129287719727,-0.0009956955909729004,0.017726311460137367,0.7319227457046509,0.39807119965553284,-0.10191549360752106,0.9935985207557678,-0.0005981326103210449,-0.0011690855026245117,0.004195317625999451,0.6284976005554199,0.40924733877182007,0.07016988098621368,0.8989092111587524,-0.000816643238067627,-0.0008902251720428467,0.013851556926965714,0.7301231622695923,0.4730421006679535,-0.20740750432014465,0.9904166460037231,-0.0032858848571777344,0.00043326616287231445,0.012681335210800171,0.6156947016716003,0.47915300726890564,-0.01381397433578968,0.9268301129341125,-0.0008221864700317383,0.00018280744552612305,0.010980401188135147,0.7320507764816284,0.4985153377056122,-0.24064227938652039,0.9791292548179626,-0.004476308822631836,0.000821232795715332,0.013331323862075806,0.6106699705123901,0.5032790303230286,-0.03410112112760544,0.8922414779663086,-0.0004673600196838379,4.494190216064453e-05,0.0126640684902668,0.7249959707260132,0.49558037519454956,-0.2630065679550171,0.9804399013519287,-0.0043801069259643555,0.0005903542041778564,0.015284031629562378,0.6132205724716187,0.5028710961341858,-0.06707371771335602,0.898944079875946,-0.0005787014961242676,0.00045233964920043945,0.012249529361724854,0.7223058342933655,0.48806342482566833,-0.21704928576946259,0.9743548035621643,-0.0039414167404174805,0.000527501106262207,0.014010295271873474,0.6170140504837036,0.49496105313301086,-0.029293090105056763,0.8881083726882935,-0.0006847977638244629,0.0002531111240386963,0.01078886166214943,0.7001174092292786,0.4925265908241272,-0.018817264586687088,0.9995893836021423,-0.0012911558151245117,-0.000859677791595459,-0.00026862695813179016,0.652286171913147,0.48927178978919983,0.018876908347010612,0.9994878768920898,-0.0015104413032531738,-0.0004067718982696533,0.000275634229183197,0.6964959502220154,0.618026077747345,-0.049097415059804916,0.8868574500083923,-0.0018711090087890625,-0.0012041330337524414,-0.001620907336473465,0.6438552141189575,0.611376941204071,-0.007555317133665085,0.8922993540763855,0.0004572868347167969,0.0004107952117919922,0.0033481158316135406,0.6783531904220581,0.7132567763328552,0.1273888349533081,0.8527739644050598,-0.004206359386444092,0.0035361051559448242,-0.058454692363739014,0.646458625793457,0.7245644330978394,0.15014536678791046,0.8789147138595581,6.586313247680664e-05,0.00399017333984375,-0.03467096388339996,0.6735782623291016,0.7223654985427856,0.13812746107578278,0.6618972420692444,-0.00397646427154541,0.0022498369216918945,-0.06335924565792084,0.6485320329666138,0.7378897070884705,0.1593257188796997,0.6819693446159363,0.0003120303153991699,0.005966484546661377,-0.04210706055164337,0.6918205618858337,0.7505210041999817,0.03612590953707695,0.8454043865203857,-0.00069427490234375,0.0008808374404907227,-0.049389299005270004,0.6275306940078735,0.7541046142578125,0.05495528504252434,0.8588287234306335,-0.0029653310775756836,0.001457512378692627,-0.035118792206048965
0.653682291507721,0.24673806130886078,-0.1939220130443573,0.9999440908432007,-0.0031378865242004395,-3.102421760559082e-05,-0.01012219488620758,0.6598120331764221,0.23519451916217804,-0.18663880228996277,0.999878466129303,-0.0035143494606018066,-0.00041937828063964844,-0.008766978979110718,0.6635855436325073,0.23476536571979523,-0.1867240071296692,0.9998761415481567,-0.0035503506660461426,-0.0007009208202362061,-0.008767932653427124,0.667802095413208,0.2346595972776413,-0.1867627501487732,0.9998930096626282,-0.003579556941986084,-0.0008204132318496704,-0.008771032094955444,0.6523281931877136,0.23667789995670319,-0.17628200352191925,0.9998244643211365,-0.0035587549209594727,5.780160427093506e-05,-0.01041315495967865,0.6501677632331848,0.23727655410766602,-0.17627057433128357,0.9997658133506775,-0.0037477612495422363,0.0001141279935836792,-0.01042187213897705,0.6479617357254028,0.23794549703598022,-0.17630644142627716,0.9997512698173523,-0.003982067108154297,0.00015237927436828613,-0.01042194664478302,0.6807529330253601,0.24191917479038239,-0.12105164676904678,0.9998500347137451,-0.0033060312271118164,-0.0011237263679504395,-0.001147441565990448,0.6515263319015503,0.24497194588184357,-0.07305756956338882,0.9993908405303955,-0.0038445591926574707,-0.00038154423236846924,-0.0082855224609375,0.6609050035476685,0.26077011227607727,-0.16834937036037445,0.9999566078186035,-0.002918541431427002,-0.0004677772521972656,-0.006871432065963745,0.6527408957481384,0.2616989016532898,-0.15444055199623108,0.9999022483825684,-0.0026975274085998535,0.00024366378784179688,-0.009031891822814941,0.7165970206260681,0.3118419647216797,-0.08475235104560852,0.9999734163284302,-0.002324998378753662,-0.0013927221298217773,0.0044492632150650024,0.6361370086669922,0.3267597556114197,0.006779089570045471,0.9998051524162292,-0.0022469758987426758,0.0008588433265686035,-0.002007276751101017,0.729811429977417,0.39778271317481995,-0.08794613182544708,0.9930850267410278,-0.0021113157272338867,-0.0002884864807128906,0.013969361782073975,0.6270865201950073,0.410263329744339,0.07086046785116196,0.8862934112548828,-0.0014110803604125977,0.001015990972518921,0.0006905868649482727,0.7262726426124573,0.472966730594635,-0.18419699370861053,0.9892668724060059,-0.0038505196571350098,-7.537007331848145e-05,0.02321051061153412,0.6151185035705566,0.480814129114151,-0.010210752487182617,0.9184461832046509,-0.0005761981010437012,0.0016611218452453613,0.0036032218486070633,0.7271515130996704,0.4986177086830139,-0.21444067358970642,0.9771086573600769,-0.004899263381958008,0.0001023709774017334,0.026201605796813965,0.6105396151542664,0.5050551891326904,-0.028737807646393776,0.8825289011001587,-0.0001303553581237793,0.0017761588096618652,0.005363313481211662,0.7205067276954651,0.49556228518486023,-0.23770412802696228,0.9784904718399048,-0.004489243030548096,-1.8090009689331055e-05,0.02530243992805481,0.6125069260597229,0.505214512348175,-0.061690591275691986,0.889581024646759,-0.000713646411895752,0.002343416213989258,0.005383126437664032,0.7179682850837708,0.4880216717720032,-0.19405731558799744,0.9718661308288574,-0.0043375492095947266,-4.175305366516113e-05,0.02299197018146515,0.6161512136459351,0.4976745545864105,-0.02536509558558464,0.8778398036956787,-0.0008628368377685547,0.002713501453399658,0.003927994519472122,0.6988917589187622,0.49168020486831665,-0.018728476017713547,0.9995296001434326,-0.0012256503105163574,-0.0008463859558105469,8.878856897354126e-05,0.6516526937484741,0.48891082406044006,0.018795352429151535,0.9994616508483887,-0.0006334781646728516,-0.0003609657287597656,-8.155591785907745e-05,0.6950328350067139,0.6162251234054565,-0.0457831546664238,0.886626660823822,-0.0014631152153015137,-0.0018009543418884277,0.0033142603933811188,0.6441108584403992,0.6118875741958618,-0.010164503939449787,0.8966104388237,0.0002556443214416504,0.0005106329917907715,-0.0026091868057847023,0.6745176911354065,0.7138716578483582,0.11212535947561264,0.8538041114807129,-0.0038354992866516113,0.0006148815155029297,-0.015263475477695465,0.6438866853713989,0.733250081539154,0.10574241727590561,0.8841947317123413,-0.0025719404220581055,0.008685648441314697,-0.04440294951200485,0.6711009740829468,0.7315958738327026,0.12072956562042236,0.6660881042480469,-0.002477288246154785,0.009230375289916992,-0.017397895455360413,0.645601212978363,0.7483932971954346,0.11054854094982147,0.6868513226509094,-0.0029308199882507324,0.010503590106964111,-0.048777177929878235,0.6918982267379761,0.7505751848220825,0.022463183850049973,0.8454911112785339,7.766485214233398e-05,5.418062210083008e-05,-0.013662725687026978,0.6199272274971008,0.7562287449836731,0.005041722673922777,0.8635305166244507,-0.007603466510772705,0.0021241307258605957,-0.04991356236860156
0.6496450304985046,0.24704495072364807,-0.19848451018333435,0.9999428391456604,-0.004037261009216309,0.0003068894147872925,-0.004562497138977051,0.6554046273231506,0.235585018992424,-0.20146413147449493,0.9998727440834045,-0.004407405853271484,0.0003904998302459717,-0.014825329184532166,0.6589702367782593,0.23496222496032715,-0.20153722167015076,0.9998701810836792,-0.004615306854248047,0.0001968592405319214,-0.014813214540481567,0.6628837585449219,0.23450371623039246,-0.20155677199363708,0.9998871684074402,-0.004918336868286133,-0.00015588104724884033,-0.014794021844863892,0.6482436656951904,0.2371385246515274,-0.18544328212738037,0.9998205304145813,-0.004084527492523193,0.00046062469482421875,-0.00916127860546112,0.6461910605430603,0.23769232630729675,-0.18547627329826355,0.9997621774673462,-0.003976702690124512,0.0004157721996307373,-0.00920569896697998,0.6442188620567322,0.23827171325683594,-0.18556486070156097,0.9997491240501404,-0.0037428736686706543,0.0003262162208557129,-0.009258419275283813,0.6764630079269409,0.24115987122058868,-0.1429157555103302,0.9998342990875244,-0.0042899250984191895,-0.0007593035697937012,-0.021864108741283417,0.6482999324798584,0.24507282674312592,-0.07996872067451477,0.9993844628334045,-0.0032263994216918945,0.00010088086128234863,-0.006911151111125946,0.6571903228759766,0.2608485519886017,-0.17931553721427917,0.9999527335166931,-0.0037146806716918945,7.843971252441406e-05,-0.010966166853904724,0.6489906311035156,0.2622319757938385,-0.15600362420082092,0.9998989105224609,-0.0037502646446228027,0.0005330741405487061,-0.0015630722045898438,0.7143940925598145,0.3113589286804199,-0.0860016867518425,0.9999683499336243,-0.002202928066253662,-0.0004830360412597656,-0.0012493357062339783,0.6347410678863525,0.32662126421928406,-0.009067078121006489,0.9998148083686829,-0.0013959407806396484,-0.00013849139213562012,-0.01584616769105196,0.7252310514450073,0.3976500928401947,-0.08738727122545242,0.9916775226593018,-0.004580378532409668,-0.00013262033462524414,0.0005588605999946594,0.6250714063644409,0.4110661745071411,0.053595252335071564,0.8805670142173767,-0.0020151138305664062,0.000802844762802124,-0.017265215516090393,0.722320020198822,0.47313448786735535,-0.17542807757854462,0.9865776300430298,-0.003952622413635254,0.00016775727272033691,0.008768916130065918,0.6136041283607483,0.48326241970062256,-0.02596564218401909,0.9123095273971558,-0.0015143752098083496,0.0024482905864715576,-0.01575488969683647,0.7231613397598267,0.49838486313819885,-0.20266468822956085,0.9724065661430359,-0.00399017333984375,-0.00023284554481506348,0.011775985360145569,0.6096564531326294,0.507563591003418,-0.04453794285655022,0.8747518062591553,-0.0008831620216369629,0.002508401870727539,-0.01580013521015644,0.717326283454895,0.49521952867507935,-0.22661955654621124,0.9739919304847717,-0.0031804442405700684,-0.0003427565097808838,0.011084571480751038,0.6113911867141724,0.5078169107437134,-0.0764969065785408,0.8820058107376099,-0.0011157393455505371,0.00260239839553833,-0.014806315302848816,0.7145410776138306,0.4879221022129059,-0.18547800183296204,0.9662468433380127,-0.0034272074699401855,-9.956955909729004e-05,0.0085793137550354,0.6149014830589294,0.5007469058036804,-0.04045771062374115,0.8693737983703613,-0.0012497305870056152,0.0030723512172698975,-0.01509261503815651,0.6966129541397095,0.4886649549007416,-0.00720103969797492,0.999477744102478,-0.0022788047790527344,-0.0030152499675750732,0.011527436319738626,0.6501710414886475,0.48649221658706665,0.007226681802421808,0.9994646310806274,-0.0014816522598266602,-0.002418607473373413,-0.011568670626729727,0.6940687894821167,0.6084416508674622,-0.027158066630363464,0.8779458403587341,-0.000964045524597168,-0.007783472537994385,0.018625088036060333,0.644333004951477,0.6114956140518188,-0.04832271486520767,0.9007638692855835,0.00022214651107788086,-0.00039196014404296875,-0.038158210925757885,0.6766635179519653,0.7145024538040161,0.12251005321741104,0.8509328365325928,0.002145826816558838,0.000630795955657959,0.010384693741798401,0.6388921737670898,0.7381670475006104,0.0564844012260437,0.8894144296646118,-0.004994511604309082,0.004916965961456299,-0.04925801604986191,0.6714112162590027,0.7292377948760986,0.131464421749115,0.6676145792007446,0.0003102421760559082,-0.002358078956604004,0.010734856128692627,0.6375620365142822,0.7547606229782104,0.06064070016145706,0.6879937052726746,-0.00803917646408081,0.006367325782775879,-0.04990784078836441,0.6958142518997192,0.7519060969352722,0.03522605076432228,0.843053936958313,0.003916025161743164,0.0013309121131896973,0.012762866914272308,0.6161587834358215,0.7561962008476257,-0.051955293864011765,0.868463933467865,-0.003768444061279297,-3.254413604736328e-05,-0.05699701653793454
0.6449410915374756,0.246697798371315,-0.19131876528263092,0.9999419450759888,-0.004703938961029053,-0.00034715235233306885,0.00716574490070343,0.6507736444473267,0.2352399080991745,-0.18537963926792145,0.999866783618927,-0.004630982875823975,-0.0003451108932495117,0.016084492206573486,0.653814435005188,0.2345939576625824,-0.18546053767204285,0.999864399433136,-0.005155801773071289,-0.000368267297744751,0.01607668399810791,0.6574755311012268,0.23394770920276642,-0.18549206852912903,0.9998824000358582,-0.005408227443695068,-0.0005560070276260376,0.016064703464508057,0.643431544303894,0.23678922653198242,-0.1748742312192917,0.9998127222061157,-0.004812121391296387,-0.0003492981195449829,0.010569050908088684,0.6413392424583435,0.2373558133840561,-0.17488202452659607,0.9997542500495911,-0.004851818084716797,-0.0003365129232406616,0.01059424877166748,0.6391079425811768,0.23801857233047485,-0.17494013905525208,0.9997423887252808,-0.00511091947555542,-0.000253140926361084,0.010624721646308899,0.670285165309906,0.23966510593891144,-0.11827977746725082,0.9998213052749634,-0.006177842617034912,-0.001494765281677246,0.024635978043079376,0.6439885497093201,0.2447272092103958,-0.0711730420589447,0.9993677139282227,-0.00431138277053833,-0.00034561753273010254,0.008795678615570068,0.6528984308242798,0.2597748637199402,-0.16545763611793518,0.9999516606330872,-0.004291892051696777,-0.001073688268661499,0.013857901096343994,0.6444912552833557,0.26193323731422424,-0.15114279091358185,0.9998977184295654,-0.004499375820159912,-0.0002987384796142578,0.004860833287239075,0.7115001082420349,0.3096613585948944,-0.06786040216684341,0.9999681115150452,-0.002893984317779541,-0.0016975700855255127,0.018141284584999084,0.6311802268028259,0.325443297624588,-0.003700964618474245,0.9998221397399902,-0.0035608410835266113,-0.001177966594696045,0.005366113502532244,0.7231523990631104,0.39746102690696716,-0.06851951032876968,0.9909439086914062,-0.0020786523818969727,-0.00018906593322753906,0.01886776089668274,0.6225650310516357,0.41129159927368164,0.0567149892449379,0.8778675198554993,-0.0025063753128051758,0.00022542476654052734,0.003119736909866333,0.7202454805374146,0.47350162267684937,-0.171688050031662,0.9853581190109253,-0.0020745396614074707,0.00036713480949401855,0.0037400275468826294,0.6119793653488159,0.4882231056690216,-0.01676284149289131,0.907824695110321,-0.001624763011932373,0.004960685968399048,0.009202800691127777,0.7207654118537903,0.49869638681411743,-0.20224368572235107,0.9703443646430969,-0.002395927906036377,0.0003115236759185791,0.00042100250720977783,0.608352780342102,0.5127665996551514,-0.035800620913505554,0.8688499927520752,-0.0013036727905273438,0.0052030086517333984,0.008737321943044662,0.7147866487503052,0.49547991156578064,-0.22531482577323914,0.9720672369003296,-0.0025396347045898438,0.00026038289070129395,0.001304730772972107,0.6103711724281311,0.5133202075958252,-0.06796632707118988,0.8761862516403198,-0.0010200142860412598,0.005503296852111816,0.008530579507350922,0.7121962308883667,0.48827341198921204,-0.1819927990436554,0.9637559652328491,-0.002344846725463867,0.00035130977630615234,0.0034852027893066406,0.6137368679046631,0.5060125589370728,-0.031161785125732422,0.863088846206665,-0.0011646151542663574,0.005265653133392334,0.009295925498008728,0.6954377293586731,0.48817530274391174,-0.00525906914845109,0.9994608163833618,-0.001175224781036377,-0.000489652156829834,0.0019419705495238304,0.6482940912246704,0.48652875423431396,0.005287325941026211,0.9994496703147888,-0.0018769502639770508,3.653764724731445e-05,-0.0019393558613955975,0.6928306818008423,0.608109176158905,-0.041849713772535324,0.8636121153831482,-0.001238107681274414,-0.0003324747085571289,-0.01469164714217186,0.6444036960601807,0.6127144694328308,-0.044024623930454254,0.8973932862281799,7.069110870361328e-05,0.0012188553810119629,0.004298090934753418,0.6746306419372559,0.7168525457382202,0.10272830724716187,0.8363339900970459,-0.0020328760147094727,0.0023500919342041016,-0.019781745970249176,0.636642336845398,0.7389452457427979,0.08157216012477875,0.8842582106590271,-0.0022498369216918945,0.0007781982421875,0.025087758898735046,0.6715959906578064,0.7280846238136292,0.1117100939154625,0.6528080701828003,0.00018477439880371094,-0.0011531710624694824,-0.019754327833652496,0.6316575407981873,0.7545350790023804,0.08834043890237808,0.6713169813156128,-0.005904495716094971,-0.00022554397583007812,0.02769973874092102,0.6964566707611084,0.7527425289154053,0.014033663086593151,0.8288523554801941,0.0006424188613891602,0.0008364319801330566,-0.02119238767772913,0.6153915524482727,0.7561829686164856,-0.021791841834783554,0.8620750308036804,-0.0007672309875488281,-1.3232231140136719e-05,0.03016345202922821
0.6408292055130005,0.24749141931533813,-0.1745905578136444,0.9999417662620544,-0.004111886024475098,0.0007936209440231323,0.01672820746898651,0.6461290121078491,0.23548811674118042,-0.1700524091720581,0.999863862991333,-0.004644632339477539,0.0002482086420059204,0.015327230095863342,0.6492579579353333,0.23484325408935547,-0.17012956738471985,0.999861478805542,-0.004556477069854736,0.0002492964267730713,0.015330970287322998,0.6525886058807373,0.2342795878648758,-0.170161634683609,0.9998795390129089,-0.004886925220489502,0.000331878662109375,0.01533043384552002,0.6394647359848022,0.23709212243556976,-0.15699166059494019,0.9998098015785217,-0.003966808319091797,0.0003028959035873413,0.0178825706243515,0.6375139951705933,0.23770056664943695,-0.1569918692111969,0.9997515082359314,-0.003825247287750244,0.0003447532653808594,0.01789015531539917,0.6355292201042175,0.2384350597858429,-0.15703916549682617,0.9997407793998718,-0.0035787224769592285,0.000416487455368042,0.017900973558425903,0.6657942533493042,0.23909421265125275,-0.11297018826007843,0.9998139142990112,-0.004490911960601807,-0.0005708932876586914,0.005309589207172394,0.6412369012832642,0.24488972127437592,-0.05396811291575432,0.9993576407432556,-0.002751648426055908,0.00016251206398010254,0.017204929143190384,0.6487657427787781,0.26060542464256287,-0.15215007960796356,0.999950110912323,-0.004132688045501709,0.0008305609226226807,0.013307556509971619,0.6407514810562134,0.262630820274353,-0.1348252147436142,0.9998958706855774,-0.003739774227142334,0.0006975829601287842,0.01631757616996765,0.7090686559677124,0.309055358171463,-0.07318408787250519,0.9999672770500183,-0.0024314522743225098,-0.0006060004234313965,-0.005323685705661774,0.629382312297821,0.3245243430137634,0.01601278968155384,0.999829888343811,-0.0017979145050048828,-0.000918954610824585,0.019713754300028086,0.7217430472373962,0.39769163727760315,-0.0764581710100174,0.9905206561088562,-0.0014093518257141113,0.00023061037063598633,-0.007938660681247711,0.6211721301078796,0.41174080967903137,0.07918599992990494,0.8725956082344055,-0.0013929009437561035,0.00044921040534973145,0.02247101068496704,0.7171162366867065,0.4737437069416046,-0.17917053401470184,0.9848374724388123,-0.003129243850708008,0.00024208426475524902,-0.007482483983039856,0.6106559038162231,0.48999854922294617,0.0028277388773858547,0.9051490426063538,-0.0013234615325927734,0.0017754435539245605,0.019590580370277166,0.7171115279197693,0.499397337436676,-0.21028470993041992,0.9693241715431213,-0.003653883934020996,0.0007009506225585938,-0.008041024208068848,0.6068860292434692,0.5160819888114929,-0.01571694388985634,0.8651313185691833,-0.0014667510986328125,0.0033153891563415527,0.020083677023649216,0.7104518413543701,0.49554768204689026,-0.2328290194272995,0.9710742831230164,-0.004334807395935059,6.777048110961914e-05,-0.007514193654060364,0.6090217232704163,0.5163756012916565,-0.04751583933830261,0.8725901246070862,-0.0013494491577148438,0.003055393695831299,0.020450487732887268,0.7081375122070312,0.48836952447891235,-0.18904957175254822,0.9621589183807373,-0.004058718681335449,9.611248970031738e-05,-0.007056772708892822,0.6123496294021606,0.5084550380706787,-0.011573007330298424,0.858834445476532,-0.0013872385025024414,0.002442479133605957,0.019588777795433998,0.6935112476348877,0.4871094524860382,-0.007403919938951731,0.9994463324546814,-0.0019264817237854004,-0.0010658502578735352,-0.002144850790500641,0.6464976668357849,0.4864897131919861,0.007487983908504248,0.9994622468948364,-0.001796424388885498,-3.904104232788086e-05,0.002200657967478037,0.6917008757591248,0.6051697134971619,-0.04694416746497154,0.8506727814674377,-0.0011298060417175293,-0.002939462661743164,-0.005094453692436218,0.6439000368118286,0.6129233241081238,-0.04573330655694008,0.8954457640647888,-0.0005036592483520508,0.00020885467529296875,-0.0017086826264858246,0.6768301725387573,0.7160873413085938,0.10083762556314468,0.8253687024116516,0.002199530601501465,-0.0007652044296264648,-0.0018906816840171814,0.6358914375305176,0.7395106554031372,0.069852814078331,0.8839953541755676,-0.0007508993148803711,0.0005654096603393555,-0.011719346046447754,0.6724606156349182,0.7274302244186401,0.11018891632556915,0.6472800970077515,0.0008646249771118164,-0.0006543993949890137,-0.001521177589893341,0.6336739659309387,0.7558193802833557,0.07543323934078217,0.6671902537345886,0.002016425132751465,0.0012843012809753418,-0.012907199561595917,0.6970033645629883,0.7522190809249878,0.016230877488851547,0.8189916014671326,0.0005466938018798828,-0.0005234479904174805,0.002197214402258396,0.6099816560745239,0.7566339373588562,-0.03252464905381203,0.8608231544494629,-0.005409896373748779,0.00045096874237060547,-0.010732807219028473
0.6367968320846558,0.24734258651733398,-0.18762733042240143,0.9999446868896484,-0.0040323734283447266,-0.0001488327980041504,-0.013036772608757019,0.6416174173355103,0.23487500846385956,-0.18193408846855164,0.9998701214790344,-0.004511594772338867,-0.0006131082773208618,-0.01188167929649353,0.6447526812553406,0.23419173061847687,-0.1820088028907776,0.9998677968978882,-0.004505276679992676,-0.0006515234708786011,-0.01187923550605774,0.6479780673980713,0.23353973031044006,-0.18203362822532654,0.9998849034309387,-0.004610538482666016,-0.00073985755443573,-0.01187199354171753,0.6343190670013428,0.23660798370838165,-0.17011278867721558,0.9998186230659485,-0.005145668983459473,-0.00048413872718811035,-0.01312112808227539,0.632368266582489,0.23736663162708282,-0.17011092603206635,0.9997631907463074,-0.005145728588104248,-0.000333935022354126,-0.013119056820869446,0.6306629776954651,0.2382713109254837,-0.1701592206954956,0.9997531175613403,-0.004866242408752441,-0.0001637488603591919,-0.013120055198669434,0.6597744226455688,0.2377435564994812,-0.1197948232293129,0.9998206496238708,-0.0060198307037353516,-0.0013506561517715454,-0.0068246349692344666,0.6357043981552124,0.24506664276123047,-0.06626792997121811,0.9993844628334045,-0.005532503128051758,0.00017692148685455322,-0.012299817055463791,0.645220160484314,0.25999411940574646,-0.16349008679389954,0.9999523758888245,-0.0035455822944641113,-0.0006113052368164062,-0.011340007185935974,0.6368939876556396,0.2625961899757385,-0.14772439002990723,0.9999009370803833,-0.0038574934005737305,-3.463029861450195e-05,-0.01289917528629303,0.7059577703475952,0.307430624961853,-0.07664437592029572,0.9999685287475586,-0.0031108856201171875,-0.0016247332096099854,-0.0034602880477905273,0.6262074708938599,0.3249887526035309,0.00357569451443851,0.9998401999473572,-0.0031748414039611816,0.00046440958976745605,-0.01243709516711533,0.7202435731887817,0.39767882227897644,-0.07949186861515045,0.9906251430511475,-0.001499474048614502,-1.2814998626708984e-05,-0.0030336976051330566,0.6177729368209839,0.4152333438396454,0.0654793530702591,0.8698983788490295,-0.003399193286895752,0.0034925341606140137,-0.013706646859645844,0.713683545589447,0.4746526777744293,-0.18234416842460632,0.985382616519928,-0.0034326910972595215,0.000908970832824707,-0.00317363440990448,0.6075167655944824,0.4952716529369354,-0.011726639233529568,0.9033520221710205,-0.0031391382217407227,0.005273103713989258,-0.014554378110915422,0.7146938443183899,0.5010017156600952,-0.21268513798713684,0.970258355140686,-0.0024176836013793945,0.0016043782234191895,-0.002400428056716919,0.60389643907547,0.521930992603302,-0.0313270129263401,0.8625981211662292,-0.0029895901679992676,0.005849003791809082,-0.015610069036483765,0.7072926759719849,0.49668410420417786,-0.2352176010608673,0.9719530940055847,-0.003159165382385254,0.0011364221572875977,-0.00238858163356781,0.6059292554855347,0.5221258401870728,-0.06336483359336853,0.8701571822166443,-0.003092467784881592,0.00575023889541626,-0.015848994255065918,0.7046144008636475,0.48952630162239075,-0.19247284531593323,0.9630260467529297,-0.003523111343383789,0.0011567771434783936,-0.0034232735633850098,0.6091191172599792,0.5142114162445068,-0.02623414620757103,0.855498731136322,-0.0032305121421813965,0.005756378173828125,-0.014661138877272606,0.6917736530303955,0.48733267188072205,-0.0030018379911780357,0.9994487762451172,-0.0017375946044921875,0.0002232193946838379,0.004402081947773695,0.6444429159164429,0.486885666847229,0.0030425754375755787,0.9994911551475525,-0.002054750919342041,0.0003959536552429199,-0.004445408470928669,0.6903544068336487,0.6057971715927124,-0.015910176560282707,0.8472513556480408,-0.0013464689254760742,0.0006274580955505371,0.031033990904688835,0.6429968476295471,0.6134627461433411,-0.0608702190220356,0.9013440608978271,-0.0009031891822814941,0.0005394220352172852,-0.01513691246509552,0.6773182153701782,0.7155734896659851,0.1633443534374237,0.825305163860321,0.00048804283142089844,-0.0005138516426086426,0.06250672787427902,0.6346698999404907,0.7431107759475708,0.04280973598361015,0.8902297616004944,-0.0012215375900268555,0.0036001205444335938,-0.02704307809472084,0.6717413663864136,0.7269777059555054,0.1757681667804718,0.6527503728866577,-0.0007192492485046387,-0.0004525184631347656,0.06557925045490265,0.6331626176834106,0.7599412202835083,0.04685557261109352,0.6727107167243958,-0.0005113482475280762,0.004121840000152588,-0.028577666729688644,0.6994737386703491,0.7530167698860168,0.08299777656793594,0.8205128908157349,0.00247037410736084,0.0007976889610290527,0.0667668990790844,0.6113587021827698,0.7612469792366028,-0.0669848620891571,0.8671185970306396,0.0013770461082458496,0.004613041877746582,-0.03446021303534508
0.6310795545578003,0.2473127543926239,-0.1751515120267868,0.9999472498893738,-0.005717277526855469,-2.9832124710083008e-05,0.012475818395614624,0.6363734006881714,0.23457792401313782,-0.17145779728889465,0.999875009059906,-0.005244016647338867,-0.0002970844507217407,0.010476291179656982,0.6397134065628052,0.23399506509304047,-0.17153587937355042,0.9998725056648254,-0.0050392746925354,-0.00019666552543640137,0.010472923517227173,0.6431295275688171,0.23337647318840027,-0.17156828939914703,0.9998888969421387,-0.00484853982925415,-0.00016325712203979492,0.010465338826179504,0.6293424963951111,0.23614856600761414,-0.15715131163597107,0.9998258948326111,-0.0049765706062316895,-0.0004594177007675171,0.012961477041244507,0.6277362108230591,0.23683100938796997,-0.15713882446289062,0.9997724294662476,-0.004632055759429932,-0.000535622239112854,0.01297210156917572,0.6261947154998779,0.23758959770202637,-0.15717992186546326,0.9997633099555969,-0.004468262195587158,-0.0006817132234573364,0.012979298830032349,0.6551686525344849,0.23734097182750702,-0.11918226629495621,0.9998283982276917,-0.004605770111083984,-0.00040258467197418213,0.0006125569343566895,0.6323912739753723,0.24435313045978546,-0.05470038577914238,0.9994051456451416,-0.003313124179840088,-0.0007135123014450073,0.01156754419207573,0.640058159828186,0.26015570759773254,-0.1546618640422821,0.9999542236328125,-0.00516200065612793,0.00016158819198608398,0.008828222751617432,0.6317915320396423,0.2624775171279907,-0.1356567144393921,0.999904453754425,-0.0051024556159973145,-0.00011867284774780273,0.012067675590515137,0.7023858428001404,0.30576974153518677,-0.07931734621524811,0.9999691247940063,-0.003571927547454834,-0.0016608834266662598,-0.0026729702949523926,0.6213558316230774,0.3246717154979706,0.01806945540010929,0.9998444318771362,-0.004851639270782471,-0.00031703710556030273,0.014493760885670781,0.7183251976966858,0.397264689207077,-0.08487991988658905,0.9909177422523499,-0.0019183754920959473,-0.00041413307189941406,-0.005388051271438599,0.6132060289382935,0.41600561141967773,0.0757923349738121,0.8650504946708679,-0.00456690788269043,0.0007722675800323486,0.010312981903553009,0.7104960083961487,0.4754191040992737,-0.18025408685207367,0.9860840439796448,-0.00318753719329834,0.0007664263248443604,0.002090081572532654,0.6050441861152649,0.497036337852478,-0.00786395650357008,0.9046833515167236,-0.0024725794792175293,0.0017646849155426025,0.003862682729959488,0.7114920020103455,0.5019505023956299,-0.21150116622447968,0.9714851975440979,-0.0032018423080444336,0.000948786735534668,0.0011839717626571655,0.6015954613685608,0.523331880569458,-0.02709328755736351,0.8641564846038818,-0.0023009777069091797,0.0014008879661560059,0.004233725368976593,0.7037744522094727,0.4975254237651825,-0.23304295539855957,0.9730760455131531,-0.003518223762512207,0.0008413195610046387,0.0021746456623077393,0.6036860942840576,0.5237202048301697,-0.058687061071395874,0.8715595006942749,-0.0022431612014770508,0.0015943646430969238,0.004677772521972656,0.7011605501174927,0.49038803577423096,-0.18907782435417175,0.9643300175666809,-0.003453850746154785,0.00086173415184021,0.0033950209617614746,0.606743574142456,0.5161157250404358,-0.02230917662382126,0.8568212985992432,-0.0023755431175231934,0.001904308795928955,0.003924969583749771,0.6875579953193665,0.48750028014183044,-0.016386307775974274,0.9994246363639832,-0.004215657711029053,0.00016760826110839844,-0.013384469784796238,0.6402190923690796,0.4871654212474823,0.016421418637037277,0.999489963054657,-0.004223823547363281,0.0002797544002532959,0.013378843199461699,0.6878882050514221,0.6062188744544983,-0.0368594266474247,0.8446906805038452,-0.0024662017822265625,0.00042170286178588867,-0.02094925008714199,0.6416861414909363,0.6148779392242432,-0.023877279832959175,0.9018394947052002,-0.0013107061386108398,0.0014151930809020996,0.036992939189076424,0.6774882078170776,0.7168995141983032,0.1230289489030838,0.8220178484916687,0.00016999244689941406,0.0013260245323181152,-0.040315404534339905,0.6372983455657959,0.7439162135124207,0.07751236855983734,0.8924159407615662,0.0026284456253051758,0.0008054375648498535,0.03470263257622719,0.672863245010376,0.7264729738235474,0.1334330141544342,0.6523607969284058,0.0011218786239624023,-0.0005047321319580078,-0.0423351526260376,0.6368741393089294,0.7615111470222473,0.0858583003282547,0.6779075860977173,0.003711521625518799,0.0015699267387390137,0.03900272771716118,0.6985337138175964,0.7533974051475525,0.04526424780488014,0.8172139525413513,-0.0009400248527526855,0.00038063526153564453,-0.0377335287630558,0.6109281182289124,0.7652101516723633,-0.03511149063706398,0.8684521317481995,-0.0004305839538574219,0.003963172435760498,0.031873371452093124
0.6262456178665161,0.2469799965620041,-0.17976796627044678,0.9999504685401917,-0.00483393669128418,-0.000332757830619812,-0.004616454243659973,0.6310397386550903,0.23382194340229034,-0.1755664348602295,0.9998817443847656,-0.005333662033081055,-0.0007559806108474731,-0.004108637571334839,0.6344165205955505,0.2332002967596054,-0.17564235627651215,0.9998791813850403,-0.005296885967254639,-0.0007947683334350586,-0.004106476902961731,0.637907862663269,0.23255325853824615,-0.17567381262779236,0.9998944401741028,-0.005221664905548096,-0.0008232146501541138,-0.004105523228645325,0.6244376301765442,0.23552155494689941,-0.16141684353351593,0.9998359084129333,-0.0049048662185668945,-0.0006270110607147217,-0.004265531897544861,0.6229349374771118,0.23623257875442505,-0.1614026129245758,0.999785304069519,-0.004801273345947266,-0.0005984306335449219,-0.004263788461685181,0.6213515996932983,0.23702822625637054,-0.16143277287483215,0.9997768402099609,-0.00484311580657959,-0.0005613714456558228,-0.0042528510093688965,0.6499620676040649,0.23596306145191193,-0.1214081421494484,0.9998379945755005,-0.005206584930419922,-0.0013779103755950928,-0.0022258758544921875,0.6281257271766663,0.24346445500850677,-0.05753461644053459,0.9994350075721741,-0.004265546798706055,-0.0008886754512786865,-0.002834230661392212,0.6359023451805115,0.2599790394306183,-0.15859603881835938,0.9999564290046692,-0.0041558146476745605,-0.0001766681671142578,-0.0039341747760772705,0.6276668310165405,0.26232925057411194,-0.1398164927959442,0.9999091029167175,-0.004124701023101807,-0.00014826655387878418,-0.004159778356552124,0.6986969709396362,0.3053841292858124,-0.08345252275466919,0.999969482421875,-0.0036888718605041504,-0.00038561224937438965,-0.0041351765394210815,0.6175766587257385,0.3240078091621399,0.017100736498832703,0.999849259853363,-0.003779172897338867,-0.0006639063358306885,-0.0009687189012765884,0.7140519618988037,0.39739862084388733,-0.08526067435741425,0.9912972450256348,-0.00427323579788208,0.00013393163681030273,-0.0003807544708251953,0.6087242364883423,0.41738513112068176,0.07372592389583588,0.8632105588912964,-0.004481792449951172,0.0013795197010040283,-0.002066411077976227,0.7081354260444641,0.4762495458126068,-0.17093205451965332,0.9867845177650452,-0.0023605823516845703,0.0008304417133331299,0.009322032332420349,0.6004301905632019,0.4981689155101776,-0.012521492317318916,0.9069305062294006,-0.004613995552062988,0.001132577657699585,-0.0046575358137488365,0.7094395160675049,0.5033776760101318,-0.20180192589759827,0.9726410508155823,-0.002052485942840576,0.0014271736145019531,0.009699240326881409,0.5973647832870483,0.5240510702133179,-0.032373152673244476,0.8666626811027527,-0.004230678081512451,0.0007191896438598633,-0.005279865115880966,0.7015342712402344,0.4992351830005646,-0.22379903495311737,0.9741416573524475,-0.0022401809692382812,0.00170975923538208,0.0092439204454422,0.5999714732170105,0.5244687795639038,-0.06365609914064407,0.8738654851913452,-0.003714621067047119,0.0007485747337341309,-0.0049690380692481995,0.6987687349319458,0.4923385679721832,-0.1795499324798584,0.9655860066413879,-0.002391815185546875,0.0019505321979522705,0.009527891874313354,0.6028903722763062,0.5169246792793274,-0.026887020096182823,0.8590185046195984,-0.0038532018661499023,0.0008089542388916016,-0.004577843472361565,0.6829029321670532,0.4875735640525818,-0.02138693258166313,0.9994103908538818,-0.004655063152313232,7.328391075134277e-05,-0.005000624805688858,0.635514497756958,0.4876830279827118,0.0214267335832119,0.9994996190071106,-0.004704594612121582,0.0005176067352294922,0.005005314946174622,0.6848923563957214,0.6070134043693542,-0.03706199675798416,0.8462187647819519,-0.0029958486557006836,0.000794529914855957,-0.0002025701105594635,0.639750599861145,0.6176332235336304,-0.015942540019750595,0.9045632481575012,-0.0019355416297912598,0.002755284309387207,0.00793473981320858,0.6777204871177673,0.7171503901481628,0.12234067916870117,0.8233291506767273,0.00023227930068969727,0.00025087594985961914,-0.0006882697343826294,0.6375890374183655,0.7442245483398438,0.0879318043589592,0.896477222442627,0.0002906918525695801,0.0003083348274230957,0.010419435799121857,0.673309862613678,0.7261323928833008,0.13251926004886627,0.6555724143981934,0.00044661760330200195,-0.00034058094024658203,-0.0009137541055679321,0.6386205554008484,0.7631217241287231,0.09387904405593872,0.6854469180107117,0.0017464160919189453,0.00161057710647583,0.008020743727684021,0.6987938284873962,0.7550863027572632,0.04199957475066185,0.8178329467773438,0.0002601146697998047,0.0016888976097106934,-0.0032646730542182922,0.6098655462265015,0.7681421041488647,-0.014037584885954857,0.8717369437217712,-0.0010625720024108887,0.002931952476501465,0.021073905751109123
0.6192270517349243,0.2455744594335556,-0.18582271039485931,0.9999496340751648,-0.007018566131591797,-0.0014055371284484863,-0.006054744124412537,0.6246041655540466,0.2326490432024002,-0.17924967408180237,0.9998766183853149,-0.006435573101043701,-0.0011729001998901367,-0.003683239221572876,0.6279916763305664,0.2320070117712021,-0.1793263852596283,0.9998740553855896,-0.006424844264984131,-0.0011932849884033203,-0.00368402898311615,0.6319134831428528,0.23132754862308502,-0.17935457825660706,0.9998888969421387,-0.00599437952041626,-0.0012257099151611328,-0.0036807656288146973,0.6177895069122314,0.2344987839460373,-0.16783647239208221,0.9998307228088379,-0.006648123264312744,-0.0010227710008621216,-0.006419628858566284,0.6164165735244751,0.23515048623085022,-0.16782546043395996,0.9997785687446594,-0.006518363952636719,-0.001082092523574829,-0.006422847509384155,0.6152046918869019,0.23588986694812775,-0.16786128282546997,0.9997706413269043,-0.006146907806396484,-0.0011383593082427979,-0.006428509950637817,0.6448720097541809,0.23476022481918335,-0.13917338848114014,0.9998353719711304,-0.005090057849884033,-0.0012028366327285767,-0.017765246331691742,0.623279333114624,0.24176739156246185,-0.06350960582494736,0.9994122982025146,-0.004846394062042236,-0.0016970634460449219,-0.0059749893844127655,0.6293225288391113,0.25858062505722046,-0.1611776351928711,0.9999549984931946,-0.0065798163414001465,-0.0013984143733978271,-0.0025815963745117188,0.6209287643432617,0.2607874274253845,-0.14558649063110352,0.9999060034751892,-0.006738066673278809,-0.001541823148727417,-0.005769997835159302,0.6935747265815735,0.303749144077301,-0.10798811912536621,0.999968409538269,-0.005122244358062744,-0.0016349852085113525,-0.02453559637069702,0.6124322414398193,0.3231913149356842,0.014139354228973389,0.9998500347137451,-0.0051444172859191895,-0.0008164942264556885,-0.002961382269859314,0.7087198495864868,0.396596223115921,-0.10707841068506241,0.9914606809616089,-0.0053321123123168945,-0.0008023977279663086,-0.021817736327648163,0.6046673655509949,0.4175318777561188,0.07513784617185593,0.8582473397254944,-0.004056870937347412,0.00014674663543701172,0.00141192227602005,0.7044188380241394,0.4762842059135437,-0.17279952764511108,0.9870669841766357,-0.003716588020324707,3.466010093688965e-05,-0.0018674731254577637,0.5962666869163513,0.49894511699676514,-0.011034955270588398,0.908770740032196,-0.004163503646850586,0.0007762014865875244,0.0014865370467305183,0.7061467170715332,0.5037079453468323,-0.20542576909065247,0.9730327725410461,-0.0032927989959716797,0.00033026933670043945,-0.0036238431930541992,0.5929371118545532,0.5244272947311401,-0.03097153641283512,0.8687707185745239,-0.004427671432495117,0.0003762245178222656,0.0014016162604093552,0.6980671882629395,0.49994468688964844,-0.22777172923088074,0.9744479656219482,-0.003467082977294922,0.0007095038890838623,-0.003972694277763367,0.5954068899154663,0.525023341178894,-0.06360694020986557,0.8758628368377686,-0.0045645833015441895,0.0005545616149902344,4.915893077850342e-05,0.695053219795227,0.4931003451347351,-0.1830293983221054,0.9658428430557251,-0.00371551513671875,0.0007617771625518799,-0.0034794658422470093,0.5982683897018433,0.5173052549362183,-0.02621683105826378,0.8611971139907837,-0.004621982574462891,0.00038057565689086914,0.0006701890379190445,0.6785804033279419,0.48791465163230896,-0.02900221012532711,0.9993895888328552,-0.004322528839111328,0.00034108757972717285,-0.007615277543663979,0.631161093711853,0.4894198477268219,0.02903864160180092,0.9995045065879822,-0.0043534040451049805,0.0017368197441101074,0.00761190801858902,0.6837142705917358,0.6106582283973694,-0.036870457231998444,0.8554466366767883,-0.0011780858039855957,0.0036448240280151367,0.00019153952598571777,0.6353877186775208,0.6207456588745117,0.009186692535877228,0.9104831218719482,-0.004362881183624268,0.0031124353408813477,0.025129232555627823,0.6849191188812256,0.7170546650886536,0.13237223029136658,0.8323767781257629,0.007198631763458252,-9.572505950927734e-05,0.010031551122665405,0.6362666487693787,0.7448186278343201,0.13228574395179749,0.9034068584442139,-0.0013223886489868164,0.0005940794944763184,0.04435393959283829,0.6787576675415039,0.7258993983268738,0.14297577738761902,0.6600075960159302,0.005447804927825928,-0.00023299455642700195,0.010456517338752747,0.6395662426948547,0.7623299956321716,0.13866646587848663,0.7004258632659912,0.0009456872940063477,-0.0007917284965515137,0.04478742182254791,0.7017072439193726,0.7567203640937805,0.04507894441485405,0.8251533508300781,0.0029134154319763184,0.001634061336517334,0.0030793696641921997,0.6084587574005127,0.7742896676063538,0.03560641035437584,0.8792230486869812,-0.0014067888259887695,0.006147563457489014,0.049643995240330696
0.6139382719993591,0.24438995122909546,-0.22012539207935333,0.9999523758888245,-0.0052887797355651855,-0.001184508204460144,-0.03430268168449402,0.6193219423294067,0.23114804923534393,-0.21798184514045715,0.9998817443847656,-0.005282223224639893,-0.0015009939670562744,-0.038732171058654785,0.6228649020195007,0.23041950166225433,-0.2180442065000534,0.9998791217803955,-0.005126774311065674,-0.001587510108947754,-0.03871782124042511,0.6270990967750549,0.229668527841568,-0.21807238459587097,0.9998927712440491,-0.0048143863677978516,-0.0016590207815170288,-0.038717806339263916,0.6121618151664734,0.23314087092876434,-0.20263171195983887,0.9998388886451721,-0.005627691745758057,-0.0013579130172729492,-0.03479523956775665,0.6108072996139526,0.23371180891990662,-0.20262441039085388,0.9997891783714294,-0.005609273910522461,-0.0014386773109436035,-0.03479894995689392,0.6097624897956848,0.23436076939105988,-0.20266631245613098,0.9997814297676086,-0.005442202091217041,-0.001529097557067871,-0.03480502963066101,0.6402931809425354,0.23272503912448883,-0.16777053475379944,0.9998424649238586,-0.004578828811645508,-0.002035185694694519,-0.028597146272659302,0.6174427270889282,0.24004632234573364,-0.09485991299152374,0.9994331002235413,-0.005836606025695801,-0.0017210692167282104,-0.031350307166576385,0.6247539520263672,0.25774696469306946,-0.19847074151039124,0.9999570250511169,-0.004568576812744141,-0.000833660364151001,-0.03729310631752014,0.6160969138145447,0.2596142292022705,-0.17812101542949677,0.9999105334281921,-0.004831850528717041,-0.0011731982231140137,-0.03253452479839325,0.6888851523399353,0.30082985758781433,-0.12314040958881378,0.9999687075614929,-0.004689574241638184,-0.0029192864894866943,-0.01515229046344757,0.6074175834655762,0.32235410809516907,-0.01197078451514244,0.9998584985733032,-0.005014657974243164,-0.0008372068405151367,-0.02611013874411583,0.7043508291244507,0.3949178457260132,-0.1086740642786026,0.9918586611747742,-0.004369020462036133,-0.001678377389907837,-0.0015956535935401917,0.600591242313385,0.4172326326370239,0.05412209779024124,0.8577534556388855,-0.004076123237609863,-0.00029924511909484863,-0.021015748381614685,0.7017138600349426,0.4758157730102539,-0.17604002356529236,0.9877146482467651,-0.0027049779891967773,-0.0004684329032897949,-0.0032404959201812744,0.5899328589439392,0.49961620569229126,-0.029108801856637,0.9097225069999695,-0.006333827972412109,0.000671088695526123,-0.018073846586048603,0.7034133672714233,0.5037000179290771,-0.20811529457569122,0.9740039110183716,-0.0027333498001098633,-7.927417755126953e-06,-0.0026895254850387573,0.587225079536438,0.5244284868240356,-0.04822883754968643,0.8693932890892029,-0.005712032318115234,1.1920928955078125e-06,-0.01725730113685131,0.6954997777938843,0.5000384449958801,-0.23090572655200958,0.9753609299659729,-0.0025674104690551758,9.375810623168945e-05,-0.003133997321128845,0.589791476726532,0.5253733992576599,-0.08203177899122238,0.8765474557876587,-0.005615413188934326,0.00035005807876586914,-0.01842483878135681,0.6923302412033081,0.4931667149066925,-0.1861015409231186,0.9668777585029602,-0.0027229785919189453,6.636977195739746e-05,-0.0030721426010131836,0.5924637317657471,0.5176580548286438,-0.04451514035463333,0.8613828420639038,-0.005804657936096191,0.0003527998924255371,-0.018298309296369553,0.6740371584892273,0.48800575733184814,-0.02878919616341591,0.9993903040885925,-0.0045432448387146,9.110569953918457e-05,0.00021301396191120148,0.6269277930259705,0.4894388020038605,0.028839552775025368,0.9995384812355042,-0.004233300685882568,1.895427703857422e-05,-0.00019908882677555084,0.677919864654541,0.611319899559021,0.00374832795932889,0.8629773259162903,-0.005794405937194824,0.0006616711616516113,0.04061878519132733,0.6319212913513184,0.6235017776489258,-0.01255082804709673,0.9176685214042664,-0.0034664273262023926,0.0027561187744140625,-0.021737520582973957,0.6844193935394287,0.7107946872711182,0.22433707118034363,0.8387822508811951,-0.000499725341796875,-0.0062599778175354,0.09196484088897705,0.6346536874771118,0.7480193972587585,0.07655705511569977,0.9109769463539124,-0.0016129612922668457,0.0032007694244384766,-0.05572868883609772,0.6773966550827026,0.7184200286865234,0.2408742904663086,0.6690989136695862,-0.0013610124588012695,-0.007479369640350342,0.09789851307868958,0.6388993263244629,0.7649887800216675,0.079264335334301,0.716047465801239,-0.0006669163703918457,0.0026587843894958496,-0.05940213054418564,0.7036693096160889,0.7561864256858826,0.15112073719501495,0.8316587805747986,0.0019620656967163086,-0.0005339384078979492,0.1060417927801609,0.6094957590103149,0.7776012420654297,-0.03499918431043625,0.8874841928482056,0.001037001609802246,0.0033115744590759277,-0.07060559466481209
0.6077461242675781,0.24305687844753265,-0.2403239905834198,0.9999555349349976,-0.006192147731781006,-0.0013330727815628052,-0.020198598504066467,0.6126692891120911,0.22948375344276428,-0.24061866104602814,0.999889075756073,-0.006652653217315674,-0.0016642957925796509,-0.022636815905570984,0.6159548163414001,0.2285492718219757,-0.24067124724388123,0.9998866319656372,-0.006910085678100586,-0.0018702298402786255,-0.02262704074382782,0.6197088360786438,0.2274826020002365,-0.24070870876312256,0.9998993277549744,-0.007390260696411133,-0.002185925841331482,-0.022636324167251587,0.6058637499809265,0.231981098651886,-0.2227928191423416,0.9998490214347839,-0.006298065185546875,-0.001159772276878357,-0.020161107182502747,0.6046414375305176,0.23258167505264282,-0.2227916717529297,0.99980229139328,-0.006165862083435059,-0.001130133867263794,-0.020167261362075806,0.6037000417709351,0.23322193324565887,-0.22281770408153534,0.9997950792312622,-0.006062448024749756,-0.001138836145401001,-0.020151391625404358,0.6327064037322998,0.2300110161304474,-0.19623181223869324,0.9998539090156555,-0.007586777210235596,-0.002714022994041443,-0.0284612774848938,0.6109814643859863,0.23852531611919403,-0.11335112899541855,0.9994627833366394,-0.0064612627029418945,-0.0015210062265396118,-0.018491216003894806,0.6182659864425659,0.25548407435417175,-0.22132284939289093,0.9999597668647766,-0.0064879655838012695,-0.002262890338897705,-0.022852107882499695,0.6099560260772705,0.2581275701522827,-0.1974479705095291,0.9999156594276428,-0.00614088773727417,-0.001486659049987793,-0.01932695508003235,0.683426022529602,0.298002153635025,-0.15815463662147522,0.999969482421875,-0.005459129810333252,-0.0028277039527893066,-0.03501422703266144,0.6028857231140137,0.32184234261512756,-0.020278729498386383,0.9998631477355957,-0.0045318603515625,-0.0005117654800415039,-0.008307944983243942,0.7007665634155273,0.3932577669620514,-0.1486378014087677,0.9924153685569763,-0.00358426570892334,-0.001660078763961792,-0.0399637371301651,0.5960320234298706,0.41717952489852905,0.04897047206759453,0.8543347716331482,-0.004559218883514404,-5.310773849487305e-05,-0.005151625722646713,0.6981581449508667,0.47550633549690247,-0.21525371074676514,0.9885131120681763,-0.0035557150840759277,-0.00030943751335144043,-0.03921368718147278,0.5837384462356567,0.4988631308078766,-0.03645208850502968,0.9115824699401855,-0.006194412708282471,-0.0007530748844146729,-0.007343286648392677,0.7001449465751648,0.5038418173789978,-0.24554196000099182,0.9753515124320984,-0.003268420696258545,0.0001417994499206543,-0.0374266654253006,0.5810741782188416,0.5239339470863342,-0.054564159363508224,0.8710900545120239,-0.0061509013175964355,-0.000494539737701416,-0.006335321813821793,0.6922307014465332,0.5002477169036865,-0.2687082588672638,0.9766273498535156,-0.0032690763473510742,0.00020927190780639648,-0.03780253231525421,0.5836320519447327,0.5244834423065186,-0.09028099477291107,0.8782039284706116,-0.006159424781799316,-0.0008899569511413574,-0.00824921578168869,0.6891061067581177,0.4932368993759155,-0.2238442450761795,0.9684038162231445,-0.0032241344451904297,7.018446922302246e-05,-0.03774270415306091,0.5859731435775757,0.51693195104599,-0.05272959917783737,0.8628635406494141,-0.006490588188171387,-0.0007261037826538086,-0.00821445882320404,0.6675730347633362,0.48712071776390076,-0.03220092132687569,0.9993810057640076,-0.006464123725891113,-0.0008850395679473877,-0.003411725163459778,0.6215522289276123,0.48854124546051025,0.032215312123298645,0.9995574355125427,-0.005375564098358154,-0.0008975565433502197,0.0033757593482732773,0.6689304113388062,0.6115352511405945,-0.021243134513497353,0.8720365166664124,-0.008989453315734863,0.00021535158157348633,-0.024991462472826242,0.6274672746658325,0.6235582828521729,0.0025656241923570633,0.9228625893592834,-0.00445401668548584,5.650520324707031e-05,0.015116452239453793,0.6820517778396606,0.7093470096588135,0.1821420043706894,0.8472948670387268,-0.0023676156997680664,-0.0014476776123046875,-0.042195066809654236,0.6331535577774048,0.7502554655075073,0.11407530307769775,0.9174352288246155,-0.0015001296997070312,0.0022360682487487793,0.037518247961997986,0.6755601167678833,0.7175862193107605,0.19645100831985474,0.6794940233230591,-0.001836538314819336,-0.0008338093757629395,-0.04442328214645386,0.638583242893219,0.7655754089355469,0.1180783063173294,0.7324762940406799,-0.0003160834312438965,0.0005866289138793945,0.03881397098302841,0.6985488533973694,0.7558532357215881,0.10339971631765366,0.8396152257919312,-0.005120456218719482,-0.0003331899642944336,-0.0477210208773613,0.6090587377548218,0.7811967134475708,0.006182766053825617,0.8946554064750671,-0.00043702125549316406,0.0035954713821411133,0.041181950364261866
0.5997766256332397,0.24343572556972504,-0.22716903686523438,0.9999566078186035,-0.007969498634338379,0.0003788471221923828,0.013154953718185425,0.603203535079956,0.22987867891788483,-0.22591395676136017,0.9998909831047058,-0.00946575403213501,0.00039492547512054443,0.014704704284667969,0.6061848402023315,0.22870446741580963,-0.22597475349903107,0.9998887181282043,-0.009769976139068604,0.00015519559383392334,0.014696493744850159,0.6094919443130493,0.22733411192893982,-0.22601661086082458,0.9999009966850281,-0.010216891765594482,-0.0001484900712966919,0.014692097902297974,0.5983022451400757,0.23236151039600372,-0.2088487446308136,0.9998517632484436,-0.00756150484085083,0.0003804117441177368,0.013944074511528015,0.5975446105003357,0.23292461037635803,-0.2088468074798584,0.999805212020874,-0.007096827030181885,0.00034293532371520996,0.013944864273071289,0.5968339443206787,0.2335038036108017,-0.20888110995292664,0.9997988939285278,-0.006866097450256348,0.00028187036514282227,0.013936594128608704,0.6241706013679504,0.2284257709980011,-0.19999925792217255,0.9998612999916077,-0.008535802364349365,-0.001585245132446289,-0.003767445683479309,0.6066538095474243,0.23728398978710175,-0.10178472846746445,0.9994626641273499,-0.004327654838562012,-0.0012413263320922852,0.011566400527954102,0.6099530458450317,0.25557416677474976,-0.20748326182365417,0.9999606013298035,-0.00831294059753418,9.009242057800293e-05,0.013839587569236755,0.6032577753067017,0.2582496702671051,-0.18634143471717834,0.9999160766601562,-0.006698250770568848,0.0001221001148223877,0.011106535792350769,0.679205060005188,0.29553353786468506,-0.17400959134101868,0.9999701976776123,-0.0042209625244140625,-0.002468615770339966,-0.015854954719543457,0.6004834771156311,0.3177831470966339,-0.007675617933273315,0.999866783618927,-0.0024022459983825684,-0.004059195518493652,0.012603111565113068,0.69627845287323,0.39099180698394775,-0.1735307276248932,0.9929398894309998,-0.004488110542297363,-0.0022659599781036377,-0.02489292621612549,0.5922108888626099,0.412370890378952,0.06573963165283203,0.8407351970672607,-0.003821134567260742,-0.004808634519577026,0.016769159585237503,0.6948283910751343,0.4738793671131134,-0.22969016432762146,0.9892377257347107,-0.003329753875732422,-0.0016269683837890625,-0.014436453580856323,0.578396201133728,0.49790284037590027,-0.015634721145033836,0.910331130027771,-0.005342245101928711,-0.0009602904319763184,0.020817367359995842,0.6964951157569885,0.5032839179039001,-0.2600279450416565,0.9765870571136475,-0.0036498308181762695,-0.0005578994750976562,-0.014485985040664673,0.5747543573379517,0.5237112045288086,-0.02962609753012657,0.8686928153038025,-0.006319820880889893,-0.00022274255752563477,0.024938061833381653,0.6895360946655273,0.49990713596343994,-0.28072795271873474,0.9777847528457642,-0.0026946067810058594,-0.00034058094024658203,-0.012019693851470947,0.5763241648674011,0.524016797542572,-0.06830871105194092,0.8762443661689758,-0.007307887077331543,-0.0004666447639465332,0.021972283720970154,0.6863981485366821,0.4923630356788635,-0.23692040145397186,0.9697220921516418,-0.002707958221435547,-0.000873863697052002,-0.013076156377792358,0.5789762735366821,0.516818642616272,-0.03349052369594574,0.8605925440788269,-0.006996870040893555,-0.00011330842971801758,0.019239075481891632,0.6603826880455017,0.48294323682785034,-0.042038146406412125,0.9993495345115662,-0.007190346717834473,-0.004177480936050415,-0.009837225079536438,0.6164395809173584,0.4831019937992096,0.04206039756536484,0.9995743632316589,-0.005112648010253906,-0.005439251661300659,0.009845085442066193,0.6586126685142517,0.610194981098175,-0.033573199063539505,0.879002571105957,-0.010317742824554443,-0.0013402700424194336,-0.012330064550042152,0.6237395405769348,0.6229848265647888,0.01493572723120451,0.9259400367736816,-0.003727734088897705,-0.0005734562873840332,0.012370103038847446,0.6795068383216858,0.7080057859420776,0.16987912356853485,0.8515418767929077,-0.0025449395179748535,-0.0013412237167358398,-0.012262880802154541,0.6318334937095642,0.7520397901535034,0.1141863465309143,0.9224621653556824,-0.0013200640678405762,0.0017843246459960938,0.00011104345321655273,0.6755809783935547,0.713278591632843,0.1834149956703186,0.6805595755577087,2.086162567138672e-05,-0.0043076276779174805,-0.013036012649536133,0.6379815340042114,0.7684375047683716,0.11772948503494263,0.7477739453315735,-0.0006017088890075684,0.002862095832824707,-0.0003488212823867798,0.6848794221878052,0.7557611465454102,0.092709019780159,0.8435804843902588,-0.013669431209564209,-9.208917617797852e-05,-0.01069069653749466,0.6078392267227173,0.7841405272483826,0.010783717967569828,0.9002677798271179,-0.0012195110321044922,0.0029438138008117676,0.004600951913744211
0.5927935838699341,0.2437008023262024,-0.19475401937961578,0.9999586939811707,-0.006983041763305664,0.00026507675647735596,0.03241501748561859,0.5954892039299011,0.22988195717334747,-0.20457832515239716,0.9998952746391296,-0.007714331150054932,3.2782554626464844e-06,0.021335631608963013,0.5981389284133911,0.22829754650592804,-0.20463606715202332,0.9998930096626282,-0.00804591178894043,-0.0004069209098815918,0.02133868634700775,0.6012246608734131,0.2264334261417389,-0.20467841625213623,0.9999043345451355,-0.00826728343963623,-0.0009006857872009277,0.021338194608688354,0.5912752747535706,0.23256579041481018,-0.17792445421218872,0.9998578429222107,-0.007026970386505127,0.00020428001880645752,0.030924290418624878,0.5905405282974243,0.23312364518642426,-0.1778986155986786,0.9998127222061157,-0.007004082202911377,0.00019903481006622314,0.03094819188117981,0.589948296546936,0.23370589315891266,-0.17792333662509918,0.9998068809509277,-0.006885647773742676,0.00020208954811096191,0.030957773327827454,0.6168308258056641,0.2260987013578415,-0.18546640872955322,0.9998693466186523,-0.007339775562286377,-0.002327069640159607,0.014532849192619324,0.6007782220840454,0.2363566756248474,-0.07483894377946854,0.9994752407073975,-0.005875587463378906,-0.0009273141622543335,0.02694578468799591,0.602716326713562,0.2553428113460541,-0.18875889480113983,0.9999622106552124,-0.0072367191314697266,-0.0002313554286956787,0.018724367022514343,0.596683919429779,0.25784486532211304,-0.15346302092075348,0.9999192953109741,-0.006573855876922607,-0.00040480494499206543,0.032878413796424866,0.6755729913711548,0.2927297055721283,-0.16770128905773163,0.9999716281890869,-0.003632068634033203,-0.0028038322925567627,0.006308302283287048,0.5965045690536499,0.31544020771980286,0.020530913025140762,0.9998737573623657,-0.003978908061981201,-0.0023429393768310547,0.028206530958414078,0.6911740303039551,0.3894124925136566,-0.17420843243598938,0.9934452772140503,-0.005104422569274902,-0.0015793144702911377,-0.0006777048110961914,0.5877628922462463,0.41037195920944214,0.08989425003528595,0.8298366069793701,-0.004447996616363525,-0.0019989311695098877,0.02415461838245392,0.689954400062561,0.47271546721458435,-0.2315828502178192,0.9900197982788086,-0.004873991012573242,-0.0011638998985290527,-0.001892685890197754,0.5732804536819458,0.49515196681022644,0.00702233612537384,0.9118170142173767,-0.0051157474517822266,-0.002750873565673828,0.022657057270407677,0.6923331022262573,0.5028280019760132,-0.26270055770874023,0.9780683517456055,-0.004162013530731201,-0.0004559159278869629,-0.0026726126670837402,0.5679483413696289,0.5215237736701965,-0.005233556963503361,0.8704107999801636,-0.006806015968322754,-0.0021874308586120605,0.02439254056662321,0.6851838231086731,0.4995681643486023,-0.28125065565109253,0.9791700839996338,-0.004352271556854248,-0.0003389716148376465,-0.0005227029323577881,0.5696407556533813,0.5214340090751648,-0.043787721544504166,0.8781504034996033,-0.006683409214019775,-0.0025827884674072266,0.024520989507436752,0.6819186210632324,0.49159324169158936,-0.23787586390972137,0.9713876843452454,-0.004479527473449707,-0.0007697939872741699,-0.0009554624557495117,0.5728394389152527,0.5144112706184387,-0.010618800297379494,0.8624477386474609,-0.006136834621429443,-0.002407371997833252,0.022871723398566246,0.6564317941665649,0.4803370237350464,-0.04820624366402626,0.9993669390678406,-0.003950893878936768,-0.002606213092803955,-0.006168097257614136,0.6128449440002441,0.48152562975883484,0.04822326451539993,0.9996054768562317,-0.003594636917114258,-0.0015763640403747559,0.006162866950035095,0.6509698033332825,0.6068233847618103,-0.05001768469810486,0.8874733448028564,-0.007642865180969238,-0.003371596336364746,-0.016444485634565353,0.6209068894386292,0.6227834224700928,0.01635531708598137,0.9293227195739746,-0.002832651138305664,-0.00020140409469604492,0.0014195898547768593,0.6681864261627197,0.7012022733688354,0.1814524233341217,0.8561787009239197,-0.011320412158966064,-0.0068035125732421875,0.011573299765586853,0.6307250261306763,0.7532568573951721,0.10626210272312164,0.9277493953704834,-0.0011084675788879395,0.0012170672416687012,-0.007924243807792664,0.6688545346260071,0.7064608335494995,0.20025214552879333,0.6877153515815735,-0.006726443767547607,-0.006817758083343506,0.01683714985847473,0.6376463174819946,0.7726679444313049,0.10742773860692978,0.764305055141449,-0.0003352165222167969,0.00423043966293335,-0.010301746428012848,0.6719667911529541,0.7521141171455383,0.1304880976676941,0.8485762476921082,-0.012912631034851074,-0.003647029399871826,0.037779077887535095,0.6064344644546509,0.7840883135795593,0.010261967778205872,0.9065859913825989,-0.0014047622680664062,-5.221366882324219e-05,-0.0005217501893639565
0.5868614315986633,0.24462702870368958,-0.19953040778636932,0.9999588131904602,-0.005932152271270752,0.0009262263774871826,-0.00477638840675354,0.5887646079063416,0.22996391355991364,-0.21560855209827423,0.999894917011261,-0.00672459602355957,8.195638656616211e-05,-0.011030226945877075,0.5910581350326538,0.22864411771297455,-0.21566180884838104,0.9998932480812073,-0.007080793380737305,0.0003465712070465088,-0.011025741696357727,0.5938587188720703,0.22691664099693298,-0.21571572124958038,0.9999041557312012,-0.0073659420013427734,0.0004832148551940918,-0.011037304997444153,0.5848968029022217,0.23322078585624695,-0.18370726704597473,0.9998569488525391,-0.006378471851348877,0.0006549954414367676,-0.005782812833786011,0.5845053195953369,0.23375624418258667,-0.1836680918931961,0.9998107552528381,-0.006035208702087402,0.0006325989961624146,-0.005769476294517517,0.5843107104301453,0.23423053324222565,-0.18366393446922302,0.9998050332069397,-0.0056375861167907715,0.0005246400833129883,-0.00574059784412384,0.6094068884849548,0.2258313149213791,-0.2094501256942749,0.9998747110366821,-0.0074239373207092285,-0.00026738643646240234,-0.02398371696472168,0.5962227582931519,0.2360917031764984,-0.07522653788328171,0.9994487762451172,-0.004555463790893555,-0.000264972448348999,-0.0003875941038131714,0.5968524217605591,0.2555559575557709,-0.19806845486164093,0.9999622106552124,-0.00586390495300293,0.00021314620971679688,-0.009309560060501099,0.5917613506317139,0.2579510509967804,-0.15405124425888062,0.99991774559021,-0.0049225687980651855,0.0001061856746673584,-0.0005882233381271362,0.6701856851577759,0.29077014327049255,-0.2011628895998001,0.9999735951423645,-0.005387306213378906,-0.001959562301635742,-0.03346160054206848,0.5938863158226013,0.31395694613456726,0.023603186011314392,0.999879002571106,-0.002618253231048584,-0.0014832615852355957,0.0030722729861736298,0.6854945421218872,0.38754409551620483,-0.2183319330215454,0.9939534068107605,-0.005679488182067871,-0.0018683969974517822,-0.04412350058555603,0.5839313864707947,0.4091741740703583,0.09590335190296173,0.8157047033309937,-0.00383150577545166,-0.0011977851390838623,0.006009101867675781,0.6846343278884888,0.4717966318130493,-0.27042949199676514,0.9906983375549316,-0.005320072174072266,-0.0009188354015350342,-0.03884664177894592,0.5662479400634766,0.49140211939811707,0.010428889654576778,0.9123668074607849,-0.007032513618469238,-0.003749847412109375,0.003406553529202938,0.6871570348739624,0.5020628571510315,-0.30511677265167236,0.9793084263801575,-0.005176067352294922,-0.0007651448249816895,-0.04241621494293213,0.5607284307479858,0.5169742107391357,-0.0013258924009278417,0.8710697293281555,-0.007219910621643066,-0.004549562931060791,0.003907664562575519,0.6801064014434814,0.49903398752212524,-0.3208475112915039,0.9803285002708435,-0.00507742166519165,-0.0005341768264770508,-0.03959685564041138,0.562423825263977,0.5162404775619507,-0.04201386868953705,0.8790739178657532,-0.007216930389404297,-0.005193531513214111,0.0017738528549671173,0.6768161058425903,0.4908261001110077,-0.27574411034584045,0.9726950526237488,-0.00510251522064209,-0.000767141580581665,-0.03786824643611908,0.5657696723937988,0.5097190141677856,-0.008284659124910831,0.8634762763977051,-0.007069766521453857,-0.004692256450653076,0.0023341411724686623,0.6506096124649048,0.4779870808124542,-0.06547977030277252,0.9994050860404968,-0.005822181701660156,-0.002349942922592163,-0.01727352663874626,0.6089543104171753,0.47935691475868225,0.0655052661895752,0.9996363520622253,-0.0038906335830688477,-0.002168715000152588,0.017282001674175262,0.6444562077522278,0.60547935962677,-0.07328037172555923,0.8961362242698669,-0.0065135955810546875,-0.0013440251350402832,-0.023262687027454376,0.618175208568573,0.6212203502655029,0.05355487018823624,0.929875910282135,-0.0027316808700561523,-0.0015630722045898438,0.03719955310225487,0.6668555736541748,0.7019435167312622,0.15000467002391815,0.864369809627533,-0.0013308525085449219,0.0007412433624267578,-0.03144775331020355,0.6305527687072754,0.7550504207611084,0.13200631737709045,0.9322685599327087,-0.0001722574234008789,0.0017935633659362793,0.02574421465396881,0.6693955659866333,0.7083786725997925,0.1695920079946518,0.6991727948188782,0.0005410313606262207,0.0019178390502929688,-0.03066013753414154,0.6379520893096924,0.7750608325004578,0.13354986906051636,0.7802624702453613,0.0003057718276977539,0.002392888069152832,0.02612213045358658,0.6708430647850037,0.7528393268585205,0.10807263851165771,0.8569663166999817,-0.0011237263679504395,0.0007252097129821777,-0.022415459156036377,0.6037538647651672,0.7864065766334534,0.04708950221538544,0.9123250842094421,-0.0026805996894836426,0.002318263053894043,0.036827534437179565
0.5820291042327881,0.24511288106441498,-0.1746065318584442,0.9999563097953796,-0.004832327365875244,0.00048585236072540283,0.02492387592792511,0.5837632417678833,0.23016060888767242,-0.18817637860774994,0.9998893737792969,-0.005001366138458252,0.00019669532775878906,0.027432173490524292,0.5860392451286316,0.22886896133422852,-0.1882377415895462,0.9998890161514282,-0.005018889904022217,0.00022484362125396729,0.02742406725883484,0.5887499451637268,0.22701045870780945,-0.1882951855659485,0.9999001026153564,-0.005108773708343506,9.381771087646484e-05,0.027420535683631897,0.5798820853233337,0.2335507869720459,-0.15718553960323334,0.9998472929000854,-0.0050147175788879395,0.0003300011157989502,0.026521727442741394,0.5794605612754822,0.23411373794078827,-0.157157301902771,0.9997972846031189,-0.005044758319854736,0.0003574937582015991,0.02651078999042511,0.5792855024337769,0.23454369604587555,-0.1571580469608307,0.999792218208313,-0.005025207996368408,0.00031316280364990234,0.026505887508392334,0.6035710573196411,0.22478178143501282,-0.1905675232410431,0.9998767971992493,-0.005835831165313721,-0.001049533486366272,0.01888260245323181,0.5913692116737366,0.23573309183120728,-0.04937928169965744,0.9993878602981567,-0.004853546619415283,-0.0003586113452911377,0.025847256183624268,0.5923101305961609,0.2552938759326935,-0.17268429696559906,0.9999602437019348,-0.004542291164398193,-0.0002620816230773926,0.02538415789604187,0.5871952772140503,0.25781717896461487,-0.13094265758991241,0.9999105930328369,-0.004566073417663574,-0.00013387203216552734,0.0231085866689682,0.6666857004165649,0.28789520263671875,-0.1899365782737732,0.9999756217002869,-0.0034999847412109375,-0.0028749406337738037,0.011226311326026917,0.5910851359367371,0.31296712160110474,0.057550571858882904,0.999880850315094,-0.002801179885864258,-0.0009898245334625244,0.03394738584756851,0.6816266775131226,0.38524991273880005,-0.2182658165693283,0.9944278597831726,-0.0038678646087646484,-0.002294182777404785,6.611645221710205e-05,0.5796564221382141,0.4064883887767792,0.1300567388534546,0.7983200550079346,-0.004274964332580566,-0.0026857852935791016,0.03415338695049286,0.6802327632904053,0.4705231785774231,-0.27350911498069763,0.9913069009780884,-0.004401564598083496,-0.0012734532356262207,-0.003079622983932495,0.5612432956695557,0.4862139821052551,0.04255136102437973,0.9116404056549072,-0.0050046443939208984,-0.0051881372928619385,0.03212247136980295,0.6828632354736328,0.5012387633323669,-0.31040698289871216,0.9804450869560242,-0.00429379940032959,-0.0008240938186645508,-0.005290210247039795,0.5553787350654602,0.5122072100639343,0.031179314479231834,0.8703519105911255,-0.005349695682525635,-0.004767000675201416,0.032505206880159676,0.6747466325759888,0.49819454550743103,-0.32348886132240295,0.9813966155052185,-0.005359768867492676,-0.0008394420146942139,-0.002641350030899048,0.5568881630897522,0.5106780529022217,-0.009457516483962536,0.8787814378738403,-0.0055356621742248535,-0.005562424659729004,0.03255635220557451,0.6714712381362915,0.4899270236492157,-0.27807384729385376,0.973900318145752,-0.005344867706298828,-0.0008990764617919922,-0.0023297369480133057,0.560104489326477,0.5043065547943115,0.023413904011249542,0.8634381294250488,-0.005665183067321777,-0.005412459373474121,0.031698563136160374,0.6464055180549622,0.4767441749572754,-0.07600094377994537,0.999437689781189,-0.004204094409942627,-0.001242905855178833,-0.010521173477172852,0.6051077246665955,0.47858065366744995,0.07605066895484924,0.9996592998504639,-0.003846585750579834,-0.0007762610912322998,0.010545402765274048,0.6376277804374695,0.6020748019218445,-0.08963307738304138,0.9031317830085754,-0.006828427314758301,-0.003404557704925537,-0.016352705657482147,0.6163514852523804,0.6187036633491516,0.06868916004896164,0.9216440320014954,-0.001823723316192627,-0.0025166869163513184,0.015134289860725403,0.6646263003349304,0.7027415037155151,0.11344543844461441,0.8712186217308044,-0.0022292733192443848,0.0007979869842529297,-0.03655923157930374,0.6309463381767273,0.7537305355072021,0.15766988694667816,0.9329310059547424,0.0003935694694519043,-0.00131988525390625,0.025663569569587708,0.6686058044433594,0.7083699107170105,0.13058891892433167,0.710075318813324,-0.0007897615432739258,-8.761882781982422e-06,-0.03900308907032013,0.6381703615188599,0.7726595997810364,0.16106806695461273,0.7907264828681946,0.00021827220916748047,-0.0024012327194213867,0.027518197894096375,0.6656014919281006,0.7533519268035889,0.06696970760822296,0.864142656326294,-0.005241572856903076,0.0005125999450683594,-0.04110293090343475,0.6033292412757874,0.7865344882011414,0.07791563123464584,0.9143060445785522,-0.0004246234893798828,0.00012791156768798828,0.030826129019260406
0.5759503841400146,0.24621838331222534,-0.1506565809249878,0.9999440908432007,-0.0060787200927734375,0.0011055022478103638,0.02394995093345642,0.577938437461853,0.23083263635635376,-0.16452033817768097,0.9998641014099121,-0.0058248043060302734,0.0006720274686813354,0.02365604043006897,0.5804065465927124,0.2291954606771469,-0.1645808070898056,0.9998684525489807,-0.0056326985359191895,0.000326499342918396,0.0236569344997406,0.5831813812255859,0.22714538872241974,-0.16464832425117493,0.9998804330825806,-0.005568563938140869,0.00013493001461029053,0.02364686131477356,0.5743414163589478,0.23437364399433136,-0.13272584974765778,0.9998078346252441,-0.005540668964385986,0.0008228570222854614,0.02445968985557556,0.5741002559661865,0.2348003089427948,-0.13270996510982513,0.9997429847717285,-0.005360305309295654,0.0006865710020065308,0.024447336792945862,0.5741292834281921,0.23510895669460297,-0.13270863890647888,0.999742329120636,-0.005156219005584717,0.000565260648727417,0.024449408054351807,0.5988135933876038,0.225226491689682,-0.18231460452079773,0.9998689293861389,-0.0047574639320373535,0.00044471025466918945,0.008252918720245361,0.5873000025749207,0.23591552674770355,-0.024617640301585197,0.9992316365242004,-0.004069209098815918,0.00018243491649627686,0.024761641398072243,0.5861688852310181,0.25538307428359985,-0.14974288642406464,0.9999481439590454,-0.006141245365142822,8.919835090637207e-05,0.022941410541534424,0.5818543434143066,0.2578390836715698,-0.10673687607049942,0.9998750686645508,-0.005340933799743652,2.1904706954956055e-05,0.024205781519412994,0.66144859790802,0.28587067127227783,-0.1888621300458908,0.9999775886535645,-0.005237102508544922,-0.002024531364440918,0.0010744482278823853,0.5872992873191833,0.3121311366558075,0.08691859990358353,0.9998819231987,-0.003785848617553711,-0.0008359849452972412,0.029368028044700623,0.6764763593673706,0.3846089541912079,-0.22793981432914734,0.9948458075523376,-0.005150318145751953,-0.0006409585475921631,-0.00967399775981903,0.5785086154937744,0.4053577780723572,0.1646909862756729,0.7746599912643433,-0.0011478066444396973,-0.001130610704421997,0.03463424742221832,0.674595296382904,0.46929270029067993,-0.2868518829345703,0.9916425943374634,-0.005637466907501221,-0.001230478286743164,-0.01334276795387268,0.5566864013671875,0.48294439911842346,0.07892035692930222,0.909576416015625,-0.004556894302368164,-0.003269582986831665,0.036368995904922485,0.677492082118988,0.49927347898483276,-0.32543784379959106,0.9810731410980225,-0.005371153354644775,-0.0019652843475341797,-0.015030860900878906,0.5500587821006775,0.5075605511665344,0.06843259930610657,0.8688571453094482,-0.005319952964782715,-0.004646658897399902,0.03725328482687473,0.6690559983253479,0.4962989091873169,-0.3366161584854126,0.9819955229759216,-0.005690634250640869,-0.0018956363201141357,-0.013127297163009644,0.5507352948188782,0.5061463117599487,0.026655163615942,0.8778813481330872,-0.0061528682708740234,-0.004531741142272949,0.03611268009990454,0.6657947301864624,0.48827436566352844,-0.2910838723182678,0.9743995070457458,-0.0056765079498291016,-0.0016526579856872559,-0.013010025024414062,0.5541289448738098,0.5000834465026855,0.058861784636974335,0.8631301522254944,-0.005975544452667236,-0.0042231082916259766,0.03544788062572479,0.639625608921051,0.4753340184688568,-0.09278623759746552,0.9994580149650574,-0.006779909133911133,-0.001410156488418579,-0.01678529381752014,0.6003285646438599,0.4776252210140228,0.0928526222705841,0.9996707439422607,-0.004779160022735596,-0.000955432653427124,0.016801953315734863,0.631034255027771,0.6020965576171875,-0.11175906658172607,0.9093086123466492,-0.006593525409698486,2.1755695343017578e-05,-0.022125989198684692,0.6130071878433228,0.6176817417144775,0.08943750709295273,0.8955621719360352,-0.003344297409057617,-0.0010219216346740723,0.02074834704399109,0.6641868948936462,0.7051154375076294,0.03701398894190788,0.8803545832633972,-0.0004394054412841797,0.002373933792114258,-0.07643144950270653,0.6311637163162231,0.7535383701324463,0.19111725687980652,0.9299666881561279,0.0002173781394958496,-0.00019216537475585938,0.03344736993312836,0.6691461801528931,0.7087637186050415,0.04858370125293732,0.7287264466285706,0.0005403757095336914,0.00039380788803100586,-0.08200521767139435,0.6425108313560486,0.7736091017723083,0.19567543268203735,0.8009563684463501,0.004340469837188721,0.0009495019912719727,0.03460736572742462,0.6639329195022583,0.7597717046737671,-0.024812817573547363,0.8738035559654236,-0.0016685724258422852,0.006419777870178223,-0.09178252518177032,0.600592315196991,0.7906817197799683,0.11531758308410645,0.914501428604126,-0.0027369260787963867,0.004147231578826904,0.0374019518494606
0.5702871084213257,0.24651211500167847,-0.13786864280700684,0.9999390244483948,-0.005663275718688965,0.000293731689453125,0.012787938117980957,0.5720809102058411,0.2310413420200348,-0.1519394963979721,0.9998578429222107,-0.005857527256011963,0.00020870566368103027,0.012580841779708862,0.5744640231132507,0.2292204350233078,-0.15200234949588776,0.9998663663864136,-0.00594252347946167,2.4974346160888672e-05,0.012578457593917847,0.5771430134773254,0.22732560336589813,-0.15206174552440643,0.9998776316642761,-0.006038367748260498,0.00018021464347839355,0.012586578726768494,0.5689788460731506,0.2345939427614212,-0.12017287313938141,0.9997934699058533,-0.005362570285797119,0.00022029876708984375,0.012552976608276367,0.5689252018928528,0.23495319485664368,-0.1201639175415039,0.9997305274009705,-0.00517505407333374,0.00015288591384887695,0.012546047568321228,0.5691268444061279,0.23520970344543457,-0.12016408145427704,0.9997280240058899,-0.005002439022064209,0.000100746750831604,0.012544557452201843,0.5923753976821899,0.224894180893898,-0.1751299351453781,0.9998679161071777,-0.006438195705413818,-0.0003323107957839966,0.007184669375419617,0.5826920866966248,0.23585785925388336,-0.02023589052259922,0.9992010593414307,-0.0046079158782958984,-5.766749382019043e-05,0.004381749778985977,0.5809870958328247,0.2555187940597534,-0.14039918780326843,0.9999411702156067,-0.005181789398193359,0.00013571977615356445,0.009343698620796204,0.5776026844978333,0.2579508423805237,-0.0976504310965538,0.9998493790626526,-0.004251658916473389,0.00011175870895385742,0.009086444973945618,0.6570869088172913,0.28341302275657654,-0.19797757267951965,0.9999796152114868,-0.00436168909072876,-0.002457648515701294,-0.009115442633628845,0.5842751860618591,0.31222185492515564,0.08806553483009338,0.9998825192451477,-0.0030241012573242188,9.071826934814453e-05,0.0011469349265098572,0.672427773475647,0.38271647691726685,-0.24351394176483154,0.9952604174613953,-0.004048585891723633,-0.00189247727394104,-0.015574127435684204,0.5760126113891602,0.4057592749595642,0.16561470925807953,0.7580494284629822,-0.002496004104614258,0.00040149688720703125,0.0009237229824066162,0.6684605479240417,0.46829792857170105,-0.31154629588127136,0.9919490218162537,-0.006134748458862305,-0.0009947717189788818,-0.02469441294670105,0.5502884984016418,0.47910627722740173,0.08429873734712601,0.9092758297920227,-0.006397902965545654,-0.0038381218910217285,0.0053783804178237915,0.670977771282196,0.49899211525917053,-0.350902259349823,0.9816904664039612,-0.006514310836791992,-0.00028136372566223145,-0.025464415550231934,0.5436590909957886,0.502673864364624,0.0781884640455246,0.8699093461036682,-0.006399691104888916,-0.0048866868019104,0.00975586473941803,0.6623314619064331,0.49595680832862854,-0.3595230281352997,0.982620894908905,-0.006724536418914795,-0.0003421008586883545,-0.022906869649887085,0.5437740683555603,0.5012205243110657,0.034969739615917206,0.8791992664337158,-0.006961226463317871,-0.004925787448883057,0.008314575999975204,0.658987283706665,0.4877740144729614,-0.31489700078964233,0.9749433994293213,-0.006807446479797363,-0.0005003511905670166,-0.02381312847137451,0.5470510125160217,0.49546316266059875,0.06426119059324265,0.8649115562438965,-0.007077932357788086,-0.004620283842086792,0.0053994059562683105,0.6364935040473938,0.47325965762138367,-0.10709253698587418,0.999480664730072,-0.0031321048736572266,-0.0020743608474731445,-0.014306299388408661,0.5982689261436462,0.47563230991363525,0.107086181640625,0.999650776386261,-0.002059638500213623,-0.0019929111003875732,0.014233559370040894,0.6227490901947021,0.6015957593917847,-0.14712800085544586,0.9156310558319092,-0.008285164833068848,-0.000500798225402832,-0.03536893427371979,0.6109086275100708,0.6126994490623474,0.11062297970056534,0.8472232818603516,-0.002098560333251953,-0.004982292652130127,0.02118547260761261,0.6620292067527771,0.7185034155845642,-0.08550897985696793,0.8906469345092773,-0.0021576881408691406,0.013387978076934814,-0.12252296879887581,0.631496787071228,0.7489673495292664,0.1832418143749237,0.9132736921310425,0.0003330707550048828,-0.004571020603179932,-0.007875442504882812,0.6693574786186218,0.7303591966629028,-0.08267588168382645,0.7521974444389343,0.00021129846572875977,0.021595478057861328,-0.13125958293676376,0.6430649757385254,0.7706429362297058,0.18588919937610626,0.8007919192314148,0.0005541443824768066,-0.002966165542602539,-0.009786233305931091,0.6472601294517517,0.7656375765800476,-0.1566091626882553,0.8842579126358032,-0.016672790050506592,0.005865871906280518,-0.13179634511470795,0.6000292897224426,0.7892141938209534,0.1175999790430069,0.9068952202796936,-0.0005630254745483398,-0.0014675259590148926,0.0022823959589004517
0.5662456154823303,0.24653789401054382,-0.1217755451798439,0.9999310970306396,-0.004041492938995361,2.5779008865356445e-05,0.016093097627162933,0.5681132078170776,0.23117130994796753,-0.13565954566001892,0.9998478889465332,-0.003967702388763428,0.00012996792793273926,0.016279950737953186,0.570660412311554,0.22932294011116028,-0.1357259601354599,0.9998617172241211,-0.0038036108016967773,0.00010250508785247803,0.016276389360427856,0.5735684633255005,0.22732654213905334,-0.1357768177986145,0.9998727440834045,-0.003574550151824951,9.387731552124023e-07,0.01628492772579193,0.5646449327468872,0.23464025557041168,-0.10436387360095978,0.9997720718383789,-0.004333913326263428,4.6312808990478516e-05,0.01580899953842163,0.5643254518508911,0.23500265181064606,-0.10435494035482407,0.9997120499610901,-0.00459975004196167,4.945695400238037e-05,0.01580897718667984,0.5642497539520264,0.23526820540428162,-0.10435213893651962,0.9997073411941528,-0.0048770904541015625,5.85019588470459e-05,0.015811942517757416,0.588426947593689,0.22450242936611176,-0.15769429504871368,0.9998655319213867,-0.0039484500885009766,-0.0003917515277862549,0.01743564009666443,0.5768765211105347,0.2357603907585144,-0.008358887396752834,0.999162495136261,-0.005815565586090088,-9.746849536895752e-05,0.011877003125846386,0.5773562788963318,0.2552542984485626,-0.12552890181541443,0.9999346137046814,-0.00363081693649292,-0.0002644956111907959,0.014870285987854004,0.5729707479476929,0.2578621506690979,-0.08328022807836533,0.9998230934143066,-0.004631936550140381,-8.869171142578125e-05,0.014370203018188477,0.6518269777297974,0.2807406187057495,-0.1927114576101303,0.9999815225601196,-0.0052599310874938965,-0.0026724040508270264,0.005266115069389343,0.5799385905265808,0.3123078942298889,0.09922505915164948,0.9998810291290283,-0.00433659553527832,8.603930473327637e-05,0.011159524321556091,0.6673446893692017,0.37740403413772583,-0.25076547265052795,0.9956457614898682,-0.0050830841064453125,-0.005312442779541016,-0.007251530885696411,0.5738598108291626,0.4059288799762726,0.17586025595664978,0.7406826019287109,-0.0021528005599975586,0.00016960501670837402,0.010245546698570251,0.6620140671730042,0.46535906195640564,-0.3311389088630676,0.9923433661460876,-0.006446480751037598,-0.00293886661529541,-0.019592612981796265,0.5466025471687317,0.4729989767074585,0.09285824000835419,0.9088740348815918,-0.0036859512329101562,-0.006107300519943237,0.00855950266122818,0.6637834310531616,0.49682357907295227,-0.371796190738678,0.9825364351272583,-0.007194340229034424,-0.0021685361862182617,-0.02089393138885498,0.5384213924407959,0.4965575933456421,0.08589739352464676,0.8711167573928833,-0.005237698554992676,-0.006116271018981934,0.007708929479122162,0.65465247631073,0.49342963099479675,-0.37900370359420776,0.983410656452179,-0.007678985595703125,-0.002527177333831787,-0.01948067545890808,0.5376189947128296,0.49462053179740906,0.04268880933523178,0.8805251717567444,-0.006155073642730713,-0.006599992513656616,0.007719069719314575,0.6517356634140015,0.484764963388443,-0.33413171768188477,0.9757891893386841,-0.007251620292663574,-0.0030090510845184326,-0.01923471689224243,0.5409484505653381,0.48894432187080383,0.07257796078920364,0.8666231036186218,-0.006102561950683594,-0.006518840789794922,0.008316770195960999,0.6326966285705566,0.4719467759132385,-0.11000994592905045,0.999511182308197,-0.003796875476837158,-0.0013128817081451416,-0.0029174089431762695,0.5953580141067505,0.47495701909065247,0.10996387898921967,0.9996347427368164,-0.002910912036895752,-0.0006752908229827881,0.0028776973485946655,0.6160574555397034,0.6014010310173035,-0.1500987857580185,0.922072172164917,-0.006691634654998779,-0.00019472837448120117,-0.002970784902572632,0.6078295707702637,0.6077549457550049,0.11650814116001129,0.8071330189704895,-0.003079056739807129,-0.004944503307342529,0.005885161459445953,0.6594791412353516,0.7239354252815247,-0.09934530407190323,0.9002213478088379,-0.002550065517425537,0.005432009696960449,-0.013836324214935303,0.6319352984428406,0.7434065341949463,0.17903025448322296,0.8945769667625427,0.00043851137161254883,-0.005560815334320068,-0.004211559891700745,0.6695363521575928,0.7351886630058289,-0.0978126972913742,0.7728723883628845,0.00017887353897094727,0.004829466342926025,-0.01513681560754776,0.6446650624275208,0.7618207931518555,0.18092842400074005,0.7976346611976624,0.0016000866889953613,-0.008822143077850342,-0.004960775375366211,0.6299047470092773,0.7864178419113159,-0.17651015520095825,0.893840491771698,-0.017355382442474365,0.02078026533126831,-0.019900992512702942,0.6003273725509644,0.7863315939903259,0.11668950319290161,0.8987743258476257,0.0002980828285217285,-0.0028825998306274414,-0.0009104758501052856
0.5641289353370667,0.24675747752189636,-0.13490217924118042,0.9999220371246338,-0.002116680145263672,0.00021958351135253906,-0.013126634061336517,0.5660680532455444,0.23125514388084412,-0.14703558385372162,0.9998378157615662,-0.002045154571533203,8.383393287658691e-05,-0.011376038193702698,0.5687079429626465,0.22941166162490845,-0.14710204303264618,0.9998573064804077,-0.0019524693489074707,8.872151374816895e-05,-0.01137608289718628,0.57158362865448,0.2273331731557846,-0.14715377986431122,0.9998681545257568,-0.001984834671020508,6.631016731262207e-06,-0.011376962065696716,0.5615576505661011,0.23497189581394196,-0.11748768389225006,0.9997527003288269,-0.003087282180786133,0.00033164024353027344,-0.013123810291290283,0.5608311891555786,0.2355452924966812,-0.11748857796192169,0.9996961355209351,-0.0034942626953125,0.0005426406860351562,-0.013133637607097626,0.5602463483810425,0.2360561639070511,-0.11750026047229767,0.9996888041496277,-0.004003405570983887,0.0007879585027694702,-0.013148121535778046,0.5861307978630066,0.22470182180404663,-0.15814007818698883,0.9998626112937927,-0.002296149730682373,0.0001993924379348755,-0.0004457831382751465,0.5712741613388062,0.23607662320137024,-0.018473144620656967,0.9991312026977539,-0.005602359771728516,0.00031623244285583496,-0.010114257223904133,0.5755120515823364,0.25529491901397705,-0.13494381308555603,0.9999275207519531,-0.0018442273139953613,4.062056541442871e-05,-0.009414911270141602,0.5697682499885559,0.25807011127471924,-0.09507287293672562,0.9997959136962891,-0.003202497959136963,0.0002079606056213379,-0.01179264485836029,0.647693395614624,0.28014931082725525,-0.19288894534111023,0.9999831318855286,-0.00413358211517334,-0.0005913078784942627,-0.00017748773097991943,0.5764280557632446,0.3126431405544281,0.09508408606052399,0.999872624874115,-0.0035105347633361816,0.00033524632453918457,-0.004140973091125488,0.659643292427063,0.37608155608177185,-0.24538275599479675,0.9959583282470703,-0.007701396942138672,-0.0013224780559539795,0.005382716655731201,0.5693382620811462,0.4057633578777313,0.17441734671592712,0.7257937788963318,-0.004521548748016357,-0.00016552209854125977,-0.0014429092407226562,0.6553612947463989,0.4653981626033783,-0.3214387595653534,0.9925049543380737,-0.006652772426605225,3.910064697265625e-05,0.009700149297714233,0.5410218834877014,0.4701579213142395,0.09268529713153839,0.9069589972496033,-0.0055806636810302734,-0.002841055393218994,-0.0001729428768157959,0.657161295413971,0.4967919588088989,-0.3597140908241272,0.9829158782958984,-0.006622135639190674,-3.1620264053344727e-05,0.012082099914550781,0.5319931507110596,0.4931834936141968,0.08505219966173172,0.8702267408370972,-0.006428241729736328,-0.0033740997314453125,-0.0008451938629150391,0.6492727398872375,0.493639200925827,-0.36974626779556274,0.9837436079978943,-0.005379736423492432,0.00020956993103027344,0.00925743579864502,0.5311340689659119,0.4911743998527527,0.043126657605171204,0.8798828721046448,-0.006484925746917725,-0.003446131944656372,0.0004378482699394226,0.6464347839355469,0.48512598872184753,-0.32520321011543274,0.9759577512741089,-0.00530087947845459,0.000361025333404541,0.008928507566452026,0.5346082448959351,0.48573362827301025,0.07281871885061264,0.8660953044891357,-0.006340205669403076,-0.003210693597793579,0.00024075806140899658,0.6293425559997559,0.4717634618282318,-0.10821781307458878,0.9995325207710266,-0.0033540725708007812,-0.00018331408500671387,0.00179213285446167,0.5924411416053772,0.47416627407073975,0.10817867517471313,0.999595046043396,-0.002916872501373291,-0.0007907450199127197,-0.0017852038145065308,0.609266996383667,0.6016691327095032,-0.1472506821155548,0.9276334047317505,-0.006790459156036377,0.00026810169219970703,0.002848103642463684,0.6054442524909973,0.606990396976471,0.12047506868839264,0.7736459970474243,-0.0023853182792663574,-0.0007645487785339355,0.003966927528381348,0.6495684385299683,0.7356333136558533,-0.1055518388748169,0.9086624979972839,-0.0099107027053833,0.011697888374328613,-0.006206534802913666,0.6317753791809082,0.7394630908966064,0.18902580440044403,0.8748648762702942,-0.00015991926193237305,-0.003943443298339844,0.00999554991722107,0.6613751649856567,0.7531026601791382,-0.10577543824911118,0.7901889681816101,-0.008161187171936035,0.017913997173309326,-0.007962740957736969,0.6443168520927429,0.758330762386322,0.19160638749599457,0.7914699912071228,-0.00034821033477783203,-0.0034900307655334473,0.010677963495254517,0.6205087304115295,0.7819219827651978,-0.19651636481285095,0.9021986722946167,-0.009396016597747803,-0.004495859146118164,-0.0200062096118927,0.6003581881523132,0.7827117443084717,0.1261720210313797,0.8903170228004456,3.081560134887695e-05,-0.003619849681854248,0.009482517838478088
0.5582941174507141,0.2468309849500656,-0.12911193072795868,0.9999186396598816,-0.005834817886352539,7.350742816925049e-05,0.005790248513221741,0.560122549533844,0.23133642971515656,-0.1430726796388626,0.9998382925987244,-0.0059455037117004395,8.128583431243896e-05,0.003962904214859009,0.5626167058944702,0.22947756946086884,-0.14313367009162903,0.9998600482940674,-0.0060912370681762695,6.590783596038818e-05,0.003968372941017151,0.5653030276298523,0.227366641163826,-0.1431802213191986,0.999870777130127,-0.0062806010246276855,3.3468008041381836e-05,0.00397355854511261,0.5562847256660461,0.23501083254814148,-0.11180764436721802,0.999750554561615,-0.005272924900054932,3.8936734199523926e-05,0.0056800395250320435,0.5557421445846558,0.23558160662651062,-0.11180382966995239,0.9996967911720276,-0.0050890445709228516,3.631412982940674e-05,0.005684748291969299,0.5553392171859741,0.23609283566474915,-0.11181069910526276,0.9996883273124695,-0.004907131195068359,3.667175769805908e-05,0.005689561367034912,0.5806005001068115,0.22459377348423004,-0.1593993753194809,0.9998663663864136,-0.005530297756195068,-0.00010804831981658936,-0.0012592971324920654,0.567730724811554,0.2359524816274643,-0.01572134718298912,0.9991450905799866,-0.0035434365272521973,-0.00012414157390594482,0.0027517974376678467,0.5685068964958191,0.2553527355194092,-0.13199736177921295,0.9999266266822815,-0.007005155086517334,5.7816505432128906e-05,0.0029464513063430786,0.5637720823287964,0.2580885887145996,-0.0901322141289711,0.9997882843017578,-0.0059961676597595215,1.8477439880371094e-05,0.004940658807754517,0.6422692537307739,0.2780132591724396,-0.1990460306406021,0.9999846816062927,-0.005424141883850098,-0.002136051654815674,-0.006157085299491882,0.5743255615234375,0.3123362362384796,0.09695077687501907,0.9998666048049927,-0.002102494239807129,-0.00030690431594848633,0.0018666908144950867,0.6543997526168823,0.37434786558151245,-0.2518802285194397,0.9962738752365112,-0.005243539810180664,-0.0017336905002593994,-0.006497472524642944,0.5673440098762512,0.4027838706970215,0.17756083607673645,0.7114443778991699,-0.0019942522048950195,-0.002979487180709839,0.003143489360809326,0.6481196880340576,0.46575218439102173,-0.3211238980293274,0.9928900599479675,-0.007241606712341309,0.0003540217876434326,0.000314861536026001,0.5372052192687988,0.4662967324256897,0.09635256975889206,0.9045562148094177,-0.003816664218902588,-0.0038611888885498047,0.003667272627353668,0.6508036255836487,0.4968184232711792,-0.35945722460746765,0.9837237596511841,-0.006357669830322266,2.6464462280273438e-05,0.0002568662166595459,0.5275708436965942,0.4892480969429016,0.08785947412252426,0.8686952590942383,-0.004422307014465332,-0.003935396671295166,0.0028072744607925415,0.6421736478805542,0.4943809509277344,-0.37019139528274536,0.9844804406166077,-0.00709909200668335,0.0007417500019073486,-0.0004451274871826172,0.526155948638916,0.48764875531196594,0.046007536351680756,0.8786010146141052,-0.00497812032699585,-0.003525644540786743,0.002880878746509552,0.6394940614700317,0.48596179485321045,-0.3248239755630493,0.9767865538597107,-0.006940722465515137,0.000835806131362915,0.00037923455238342285,0.5299316644668579,0.4819287955760956,0.0761386901140213,0.864802896976471,-0.0046765804290771484,-0.003804832696914673,0.003319971263408661,0.6251757144927979,0.47106945514678955,-0.10700502246618271,0.9995562434196472,-0.004166841506958008,-0.0006940066814422607,0.001212790608406067,0.5910011529922485,0.4728725850582123,0.10697897523641586,0.9995514750480652,-0.0014399886131286621,-0.0012936890125274658,-0.0011996999382972717,0.6050187349319458,0.6018120050430298,-0.13879825174808502,0.9319167733192444,-0.004248261451721191,0.00014287233352661133,0.008452430367469788,0.6022353172302246,0.6047451496124268,0.13689516484737396,0.745252251625061,-0.003208935260772705,-0.0022452473640441895,0.016420096158981323,0.6395866274833679,0.7491447329521179,-0.10440412908792496,0.9159554839134216,-0.009981811046600342,0.013511419296264648,0.0011477097868919373,0.63194739818573,0.7344390749931335,0.21829000115394592,0.85618656873703,0.00017201900482177734,-0.0050240159034729,0.029264196753501892,0.6525022983551025,0.7745495438575745,-0.10585962235927582,0.8064517974853516,-0.0088728666305542,0.02144688367843628,-8.418411016464233e-05,0.6449093818664551,0.7532821893692017,0.22248537838459015,0.785614013671875,0.0005925297737121582,-0.005048573017120361,0.03087899088859558,0.6061218976974487,0.7868999242782593,-0.20306268334388733,0.9095150232315063,-0.01438683271408081,0.0049779415130615234,-0.006546318531036377,0.6004626750946045,0.7750363945960999,0.15801377594470978,0.8822383880615234,0.00010448694229125977,-0.007675349712371826,0.03184175491333008
0.5535275340080261,0.24640996754169464,-0.11089739948511124,0.9999157786369324,-0.004766583442687988,-0.0004210174083709717,0.018214531242847443,0.5550047159194946,0.2307141274213791,-0.1264394223690033,0.999837338924408,-0.005117833614349365,-0.0006223022937774658,0.016633257269859314,0.557409942150116,0.22863110899925232,-0.12649735808372498,0.999861478805542,-0.005206763744354248,-0.0008464604616165161,0.016636312007904053,0.5600374937057495,0.2263384610414505,-0.1265377253293991,0.9998722672462463,-0.005265533924102783,-0.0010281801223754883,0.0166424959897995,0.551426351070404,0.23445193469524384,-0.09430451691150665,0.9997497797012329,-0.00485837459564209,-0.000558897852897644,0.017503127455711365,0.5510119199752808,0.23501676321029663,-0.0942952036857605,0.9996991753578186,-0.004730224609375,-0.0005648434162139893,0.017508625984191895,0.5507516860961914,0.23552612960338593,-0.09431501477956772,0.9996895790100098,-0.004587531089782715,-0.0005667060613632202,0.017495684325695038,0.5750488042831421,0.22313731908798218,-0.15269331634044647,0.9998694658279419,-0.005551695823669434,-0.0014564543962478638,0.006706058979034424,0.563352108001709,0.234795480966568,-0.004567570518702269,0.9991611242294312,-0.004378616809844971,-0.0011570006608963013,0.011153776664286852,0.5645051002502441,0.25427526235580444,-0.11727441847324371,0.9999250769615173,-0.004001796245574951,-0.0010774731636047363,0.014722943305969238,0.5599089860916138,0.2576042711734772,-0.0744738057255745,0.9997777938842773,-0.003863096237182617,-0.0004843175411224365,0.015658408403396606,0.6370489597320557,0.27572277188301086,-0.19789762794971466,0.9999860525131226,-0.005220293998718262,-0.002290487289428711,0.0011484026908874512,0.5712195634841919,0.31198927760124207,0.10261319577693939,0.9998598098754883,-0.0031059980392456055,-0.00034695863723754883,0.005662418901920319,0.6504599452018738,0.36864760518074036,-0.2603446841239929,0.9965446591377258,-0.003939807415008545,-0.005700260400772095,-0.008464455604553223,0.565112292766571,0.40120038390159607,0.18019433319568634,0.6900091171264648,-0.0022317171096801758,-0.001583486795425415,0.00263349711894989,0.6436341404914856,0.464842289686203,-0.33783698081970215,0.9931591153144836,-0.0044855475425720215,-0.0009098947048187256,-0.016713082790374756,0.5346178412437439,0.4644413888454437,0.10521135479211807,0.8960720896720886,-0.0025873780250549316,-0.0018553435802459717,0.008858785033226013,0.6453019976615906,0.49648717045783997,-0.37682074308395386,0.9842524528503418,-0.0055016279220581055,-0.0003312528133392334,-0.017363518476486206,0.5241795778274536,0.48823070526123047,0.09828214347362518,0.8598098158836365,-0.003391265869140625,-0.0010173916816711426,0.010422669351100922,0.6371282339096069,0.49447205662727356,-0.3867940604686737,0.9849265813827515,-0.005045413970947266,9.110569953918457e-05,-0.016602665185928345,0.5226868391036987,0.48714718222618103,0.058036137372255325,0.8704054355621338,-0.003469109535217285,-0.0005015730857849121,0.01202860102057457,0.6348680257797241,0.48608964681625366,-0.3414333164691925,0.9771109819412231,-0.004626035690307617,0.0001278519630432129,-0.01660934090614319,0.5265747308731079,0.48160943388938904,0.08548480272293091,0.8565810918807983,-0.00335693359375,-0.00031936168670654297,0.009346112608909607,0.6234380602836609,0.46982628107070923,-0.1041920930147171,0.9995693564414978,-0.0017376542091369629,-0.0012431740760803223,0.0028129294514656067,0.5889600515365601,0.47191059589385986,0.10414594411849976,0.9995070099830627,-0.0020411014556884766,-0.000961989164352417,-0.002833031117916107,0.5999863147735596,0.6026735305786133,-0.13498175144195557,0.9357935786247253,-0.0050324201583862305,0.0008615255355834961,0.0038165003061294556,0.5976293683052063,0.6056176424026489,0.12617208063602448,0.717582106590271,-0.0046059489250183105,0.000872492790222168,-0.010723084211349487,0.6298767924308777,0.7541152834892273,-0.10247091948986053,0.9222103953361511,-0.009709835052490234,0.004970550537109375,0.0019332095980644226,0.6254348754882812,0.7404977083206177,0.1925433725118637,0.8388543128967285,-0.0065125226974487305,0.006058633327484131,-0.025746628642082214,0.6426098942756653,0.7772091627120972,-0.10395069420337677,0.8202670216560364,-0.009892404079437256,0.002659618854522705,0.0019089281558990479,0.6397107839584351,0.762650191783905,0.19534948468208313,0.7769114971160889,-0.0051985979080200195,0.00936800241470337,-0.02713589370250702,0.5919036269187927,0.794390082359314,-0.2019498646259308,0.9158244729042053,-0.014218270778656006,0.0074901580810546875,0.001112818717956543,0.5896891951560974,0.7800905704498291,0.12406214326620102,0.8737840056419373,-0.01077347993850708,0.005054175853729248,-0.03395163267850876
0.5472769141197205,0.2464587241411209,-0.0931464284658432,0.999911904335022,-0.006250619888305664,4.875659942626953e-05,0.017750971019268036,0.5484986305236816,0.23077206313610077,-0.1104297861456871,0.9998346567153931,-0.006506085395812988,5.793571472167969e-05,0.016009636223316193,0.5506541132926941,0.22867673635482788,-0.11048682779073715,0.9998616576194763,-0.006755828857421875,4.5627355575561523e-05,0.016010530292987823,0.5530539751052856,0.2263665497303009,-0.11051613092422485,0.9998727440834045,-0.006983518600463867,2.8088688850402832e-05,0.016021594405174255,0.5456598997116089,0.23447924852371216,-0.07671850919723511,0.9997449517250061,-0.005766451358795166,2.7313828468322754e-05,0.017586007714271545,0.5456205606460571,0.2350379377603531,-0.07668649405241013,0.9996950626373291,-0.005391359329223633,2.117455005645752e-05,0.017608709633350372,0.5457898378372192,0.23546215891838074,-0.07670522481203079,0.9996814727783203,-0.004961848258972168,-6.397068500518799e-05,0.017609789967536926,0.5684779286384583,0.22316114604473114,-0.1435186117887497,0.9998717308044434,-0.006570875644683838,2.3826956748962402e-05,0.009174704551696777,0.5591873526573181,0.2337818741798401,0.011139742098748684,0.9991602897644043,-0.004164755344390869,-0.0010136067867279053,0.015707312617450953,0.5582653880119324,0.2543089985847473,-0.10204233974218369,0.9999228715896606,-0.006239712238311768,3.3736228942871094e-05,0.015232078731060028,0.554844319820404,0.25765541195869446,-0.05737537890672684,0.9997664093971252,-0.005064666271209717,5.1140785217285156e-05,0.017098426818847656,0.6291323900222778,0.27405139803886414,-0.20110735297203064,0.9999873042106628,-0.007916569709777832,-0.0016713738441467285,-0.003209725022315979,0.5687042474746704,0.3114292323589325,0.11802148818969727,0.9998536705970764,-0.0025153160095214844,-0.0005600452423095703,0.015408292412757874,0.644770622253418,0.36589866876602173,-0.28103554248809814,0.9968108534812927,-0.0056893229484558105,-0.002748936414718628,-0.020690858364105225,0.5616494417190552,0.40042638778686523,0.1922779381275177,0.6664023995399475,-0.003462851047515869,-0.000773996114730835,0.01208360493183136,0.633999228477478,0.46325621008872986,-0.35986271500587463,0.9935867190361023,-0.009634912014007568,-0.0015860795974731445,-0.022025734186172485,0.5315157175064087,0.46506017446517944,0.11766839027404785,0.8846373558044434,-0.003102123737335205,0.0006187856197357178,0.012457035481929779,0.6360253691673279,0.49561548233032227,-0.4015112817287445,0.9851674437522888,-0.009276628494262695,-0.0008716881275177002,-0.02469053864479065,0.5218182802200317,0.49002984166145325,0.11226148903369904,0.8477162718772888,-0.002361297607421875,0.0017991364002227783,0.013979345560073853,0.6270357966423035,0.4944455921649933,-0.40876179933547974,0.9857591390609741,-0.010092437267303467,-2.6464462280273438e-05,-0.02196773886680603,0.5201148390769958,0.4890140891075134,0.07158428430557251,0.8590679168701172,-0.002572000026702881,0.0018669068813323975,0.013548146933317184,0.6244387030601501,0.4861197769641876,-0.36229661107063293,0.9781122803688049,-0.010429322719573975,3.013014793395996e-05,-0.02086329460144043,0.5237881541252136,0.4834213852882385,0.0977257639169693,0.8453919887542725,-0.002786576747894287,0.0018119513988494873,0.012240961194038391,0.6171485185623169,0.47026440501213074,-0.1054278239607811,0.9995898604393005,-0.006289541721343994,0.0004381239414215088,-0.0012357309460639954,0.5846845507621765,0.47208887338638306,0.10544663667678833,0.9994823336601257,-0.004275500774383545,0.00017827749252319336,0.0013006925582885742,0.5919371843338013,0.6051045656204224,-0.13524557650089264,0.9393883943557739,-0.0080491304397583,0.002431035041809082,-0.00026382505893707275,0.597079873085022,0.6082226634025574,0.1436367779970169,0.6973433494567871,-0.0005494952201843262,0.0026050209999084473,0.01746469736099243,0.6116535663604736,0.756261944770813,-0.10962402820587158,0.9275076985359192,-0.018223226070404053,0.0021466612815856934,-0.007153108716011047,0.6228057146072388,0.7430253624916077,0.21420955657958984,0.8260138034820557,-0.0026291608810424805,0.0025276541709899902,0.021666184067726135,0.6250417828559875,0.7779815196990967,-0.11158323287963867,0.8337244987487793,-0.017568111419677734,0.0007723569869995117,-0.007632538676261902,0.6349188089370728,0.7664245963096619,0.21701601147651672,0.7732190489768982,-0.004791975021362305,0.003774404525756836,0.021666526794433594,0.5750364065170288,0.7966785430908203,-0.2057763636112213,0.9211510419845581,-0.016867220401763916,0.0022884607315063477,-0.0038264989852905273,0.582717776298523,0.7800845503807068,0.15393999218940735,0.8671005368232727,-0.006971418857574463,-6.020069122314453e-06,0.02987784892320633
0.5429256558418274,0.246469646692276,-0.07969166338443756,0.9999141097068787,-0.004351258277893066,1.0922551155090332e-05,0.01345476508140564,0.544150710105896,0.23083682358264923,-0.09665831923484802,0.9998418688774109,-0.0043479204177856445,6.476044654846191e-05,0.01377146691083908,0.5462244749069214,0.22874405980110168,-0.09672053158283234,0.9998682141304016,-0.004429638385772705,6.732344627380371e-05,0.013766296207904816,0.5484660863876343,0.22644752264022827,-0.09674342721700668,0.9998793005943298,-0.004587888717651367,8.097290992736816e-05,0.01377270370721817,0.5413270592689514,0.23445294797420502,-0.061924807727336884,0.9997549653053284,-0.004332840442657471,-2.6300549507141113e-05,0.014793701469898224,0.5412894487380981,0.234893336892128,-0.06189018487930298,0.9997068643569946,-0.004331111907958984,-0.00014460086822509766,0.014796309173107147,0.541456401348114,0.2351684272289276,-0.061902064830064774,0.9996945261955261,-0.004333436489105225,-0.000293731689453125,0.014803159981966019,0.5638021230697632,0.22316418588161469,-0.13029322028160095,0.9998787641525269,-0.004675805568695068,3.039836883544922e-06,0.013225391507148743,0.5543745756149292,0.23323307931423187,0.029016772285103798,0.9992030262947083,-0.004812777042388916,-0.0005487948656082153,0.017877030186355114,0.5534293055534363,0.2542913556098938,-0.08860531449317932,0.9999253749847412,-0.004836082458496094,-1.7642974853515625e-05,0.013437025249004364,0.5504409074783325,0.2576785981655121,-0.04261086508631706,0.9997714757919312,-0.004403412342071533,2.3186206817626953e-05,0.014764513820409775,0.6239415407180786,0.27281251549720764,-0.19546452164649963,0.9999884963035583,-0.005190849304199219,-0.0012388825416564941,0.005642831325531006,0.5655288100242615,0.31130579113960266,0.1352107673883438,0.9998545050621033,-0.0031754374504089355,-0.00012344121932983398,0.017189279198646545,0.6370978951454163,0.363928884267807,-0.2750052511692047,0.9969756007194519,-0.007672727108001709,-0.0019697844982147217,0.006030291318893433,0.5570852756500244,0.4007020890712738,0.202142596244812,0.6464626789093018,-0.004564166069030762,0.00027570128440856934,0.009864658117294312,0.6263611316680908,0.4613106846809387,-0.35209864377975464,0.9938248991966248,-0.007638096809387207,-0.0019455254077911377,0.007764071226119995,0.5296609997749329,0.4668298661708832,0.12448425590991974,0.872464120388031,-0.00185471773147583,0.0017696917057037354,0.006815865635871887,0.6266447901725769,0.49367207288742065,-0.39399096369743347,0.9857351183891296,-0.009380578994750977,-0.0019434094429016113,0.007520318031311035,0.5203577280044556,0.4915270507335663,0.11955281347036362,0.8341721892356873,-0.0014605522155761719,0.0014972090721130371,0.007291324436664581,0.6173524260520935,0.49212056398391724,-0.39896610379219055,0.9862359762191772,-0.009683370590209961,-0.00232502818107605,0.009795695543289185,0.5190308690071106,0.49042871594429016,0.07969600707292557,0.8465176820755005,-0.001083970069885254,0.0014146268367767334,0.008111722767353058,0.6157417297363281,0.48340946435928345,-0.35377663373947144,0.9785153865814209,-0.008696973323822021,-0.002710312604904175,0.008519977331161499,0.522372841835022,0.48436102271080017,0.10471664369106293,0.833594024181366,-0.0014153122901916504,0.0009396374225616455,0.006990879774093628,0.6144269704818726,0.46963581442832947,-0.10750710964202881,0.9996092915534973,-0.002721548080444336,-0.0006285905838012695,-0.002079285681247711,0.5824384689331055,0.47184476256370544,0.1075681820511818,0.9994596838951111,-0.002246081829071045,-0.0002441108226776123,0.002121545374393463,0.5791828632354736,0.6091336607933044,-0.16189038753509521,0.9400181770324707,-0.012754321098327637,0.00402909517288208,-0.026644811034202576,0.5978294610977173,0.6103622317314148,0.1320437490940094,0.6813584566116333,0.0007495880126953125,0.002139568328857422,-0.011593028903007507,0.5779759287834167,0.7678515911102295,-0.1515503227710724,0.9321678280830383,-0.033677637577056885,0.011589646339416504,-0.041926294565200806,0.6259385347366333,0.7436931133270264,0.1971590369939804,0.8192170858383179,0.0031328201293945312,0.0006677508354187012,-0.017050519585609436,0.5870537757873535,0.7897990942001343,-0.15583249926567078,0.8440903425216675,-0.03798800706863403,0.011817574501037598,-0.044249266386032104,0.6355966925621033,0.7662777304649353,0.2005014717578888,0.7772095203399658,0.0006778836250305176,-0.0001468658447265625,-0.01651453971862793,0.541411280632019,0.8010995984077454,-0.2588520050048828,0.9255823493003845,-0.033625125885009766,0.004421055316925049,-0.0530756413936615,0.5904654264450073,0.7761866450309753,0.1315111219882965,0.8627012968063354,0.007747650146484375,-0.0038979053497314453,-0.02242887020111084
0.5376629829406738,0.24585382640361786,-0.058787208050489426,0.9999197721481323,-0.0052626729011535645,-0.0006158202886581421,0.020904455333948135,0.539427638053894,0.23039232194423676,-0.07546913623809814,0.9998535513877869,-0.004723072052001953,-0.0004445016384124756,0.021189182996749878,0.5415366888046265,0.22833554446697235,-0.07552345097064972,0.9998779296875,-0.004687786102294922,-0.0004085153341293335,0.021197080612182617,0.5438085794448853,0.22603197395801544,-0.07554038614034653,0.99988853931427,-0.0046575069427490234,-0.0004155486822128296,0.021203041076660156,0.5366401672363281,0.2336089164018631,-0.041121743619441986,0.9997734427452087,-0.004686892032623291,-0.0008440315723419189,0.020803064107894897,0.5366025567054749,0.23379407823085785,-0.04107706621289253,0.9997284412384033,-0.004686892032623291,-0.0010992586612701416,0.020813118666410446,0.5367735624313354,0.23380570113658905,-0.04110574722290039,0.9997173547744751,-0.0046828389167785645,-0.001362726092338562,0.020796317607164383,0.559075117111206,0.22252465784549713,-0.10728667676448822,0.9998878836631775,-0.004727005958557129,-0.0006395280361175537,0.023006543517112732,0.5497446656227112,0.23163318634033203,0.049007076770067215,0.9992665648460388,-0.004629909992218018,-0.0015998929738998413,0.019990304484963417,0.5479534268379211,0.2535960078239441,-0.06735874712467194,0.9999305605888367,-0.005475878715515137,-0.000695347785949707,0.021246567368507385,0.5449857711791992,0.25687533617019653,-0.022142520174384117,0.9997861385345459,-0.005455136299133301,-0.0008032619953155518,0.020468344911932945,0.6182475090026855,0.27120766043663025,-0.18055739998817444,0.9999895691871643,-0.005694031715393066,-0.0016048550605773926,0.014907121658325195,0.5607821345329285,0.31042250990867615,0.15143612027168274,0.9998604655265808,-0.004746675491333008,-0.0008832812309265137,0.016225352883338928,0.6314767599105835,0.3629874587059021,-0.27080094814300537,0.9971151947975159,-0.005621135234832764,-0.0009414255619049072,0.004204303026199341,0.5531598329544067,0.40078815817832947,0.2127598226070404,0.6274242997169495,-0.003925442695617676,8.606910705566406e-05,0.010617226362228394,0.6188410520553589,0.4570294916629791,-0.3585098683834076,0.9940470457077026,-0.007520079612731934,-0.004281193017959595,-0.006411224603652954,0.5295321345329285,0.46939799189567566,0.1364920288324356,0.8592948317527771,-0.00012886524200439453,0.0025681257247924805,0.01200777292251587,0.6177606582641602,0.4888087213039398,-0.40211957693099976,0.9862829446792603,-0.008884131908416748,-0.004863351583480835,-0.008128613233566284,0.5196881294250488,0.4927862584590912,0.13294632732868195,0.8193976283073425,-0.0006695985794067383,0.0012592077255249023,0.013393513858318329,0.6070570945739746,0.4884668290615082,-0.4048495888710022,0.9866850972175598,-0.010295331478118896,-0.0036537349224090576,-0.0058834850788116455,0.5190120339393616,0.49237334728240967,0.09417464584112167,0.8324875831604004,-1.8835067749023438e-05,0.0019446313381195068,0.014478638768196106,0.6060699224472046,0.47889211773872375,-0.35964158177375793,0.9789425134658813,-0.009671807289123535,-0.004517346620559692,-0.005864948034286499,0.5228995084762573,0.48700934648513794,0.11739514023065567,0.8201069831848145,0.0005266666412353516,0.0026483237743377686,0.012678496539592743,0.6120683550834656,0.46899551153182983,-0.10834817588329315,0.9996362328529358,-0.0023586153984069824,-0.0006403028964996338,-0.0008410662412643433,0.5800079107284546,0.47189319133758545,0.10843757539987564,0.9994663000106812,-0.002430558204650879,4.842877388000488e-05,0.0008693933486938477,0.568760335445404,0.6107087731361389,-0.1828591227531433,0.9418733716011047,-0.01042252779006958,0.0015751123428344727,-0.020968735218048096,0.5948781371116638,0.6132844090461731,0.1471180021762848,0.6603932976722717,-0.002951323986053467,0.0029221773147583008,0.01507425308227539,0.5571874380111694,0.770751953125,-0.1962566077709198,0.9362676739692688,-0.020788490772247314,0.002900362014770508,-0.04470628499984741,0.6234791278839111,0.7455340623855591,0.20837116241455078,0.8100597262382507,-0.002459406852722168,0.0018409490585327148,0.011212125420570374,0.5660767555236816,0.7939249873161316,-0.2027626484632492,0.8546772599220276,-0.020977020263671875,0.0041258931159973145,-0.04693014919757843,0.6355911493301392,0.7670317888259888,0.2109546661376953,0.7810516357421875,-5.543231964111328e-06,0.0007540583610534668,0.010453194379806519,0.5195642113685608,0.8053752779960632,-0.30796462297439575,0.9295458793640137,-0.021847069263458252,0.004275679588317871,-0.04911261796951294,0.5907127857208252,0.7763050198554993,0.1489960253238678,0.8565482497215271,0.0002473592758178711,0.00011837482452392578,0.01748490333557129
0.5328845977783203,0.2454749196767807,-0.0671241357922554,0.9999253153800964,-0.004778385162353516,-0.0003789067268371582,-0.008336927741765976,0.5347142815589905,0.23009605705738068,-0.08156977593898773,0.9998644590377808,-0.0047133564949035645,-0.0002962648868560791,-0.006100639700889587,0.536736786365509,0.22803160548210144,-0.08163786679506302,0.9998870491981506,-0.004799902439117432,-0.00030393898487091064,-0.0061144158244132996,0.5389694571495056,0.2256905883550644,-0.08165594190359116,0.9998971819877625,-0.004839122295379639,-0.0003413856029510498,-0.006115555763244629,0.5318310856819153,0.23316791653633118,-0.04834873229265213,0.9997909665107727,-0.004809081554412842,-0.0004409998655319214,-0.007226988673210144,0.5318006277084351,0.23325715959072113,-0.04830801486968994,0.9997485280036926,-0.004801928997039795,-0.0005369186401367188,-0.007230948656797409,0.531924843788147,0.2331751435995102,-0.048321954905986786,0.9997387528419495,-0.0048487186431884766,-0.0006305575370788574,-0.007216207683086395,0.5542635917663574,0.22187955677509308,-0.10501189529895782,0.9998962879180908,-0.004811525344848633,-0.0006451010704040527,0.0022747814655303955,0.5444296598434448,0.23088505864143372,0.04657961428165436,0.9993211627006531,-0.005315005779266357,-0.0007481276988983154,-0.002427462488412857,0.5431088805198669,0.253024160861969,-0.07261133939027786,0.9999352693557739,-0.004844546318054199,-0.0005718469619750977,-0.0052525922656059265,0.5399031043052673,0.25625717639923096,-0.02868557907640934,0.9997991919517517,-0.005082666873931885,-0.0006181597709655762,-0.006543058902025223,0.6129354238510132,0.2711886167526245,-0.16976149380207062,0.9999905228614807,-0.005312085151672363,-1.9043684005737305e-05,0.01079590618610382,0.5560080409049988,0.31054338812828064,0.14974895119667053,0.9998643398284912,-0.0047740936279296875,0.00012087821960449219,-0.001687169075012207,0.6238647699356079,0.36187392473220825,-0.26190608739852905,0.9972061514854431,-0.007611989974975586,-0.0011135339736938477,0.008894860744476318,0.5489135980606079,0.40237030386924744,0.20456476509571075,0.6146437525749207,-0.004246234893798828,0.0015821456909179688,-0.008195057511329651,0.6108300685882568,0.45635491609573364,-0.3527917265892029,0.9941170811653137,-0.00801098346710205,-0.0006745755672454834,0.005718141794204712,0.5279356241226196,0.47486549615859985,0.1220330223441124,0.8499979376792908,-0.0015965104103088379,0.005467504262924194,-0.014459006488323212,0.6081122159957886,0.48922282457351685,-0.3970659077167511,0.9865539073944092,-0.009648442268371582,0.00041410326957702637,0.005053669214248657,0.5188599824905396,0.4971461296081543,0.11525332927703857,0.8082291483879089,-0.0008281469345092773,0.00435987114906311,-0.01769299805164337,0.5969932675361633,0.48840317130088806,-0.40153342485427856,0.9868655800819397,-0.01006382703781128,-6.365776062011719e-05,0.003316164016723633,0.5184493660926819,0.4968765079975128,0.07756294310092926,0.8217887878417969,-0.0005626678466796875,0.004503160715103149,-0.016611702740192413,0.5957967042922974,0.4792143702507019,-0.3545745015144348,0.9788899421691895,-0.010273218154907227,0.0003222525119781494,0.00506708025932312,0.5224932432174683,0.4914805293083191,0.10328032821416855,0.809891402721405,-0.0004062652587890625,0.004471182823181152,-0.014114812016487122,0.6075822114944458,0.46637314558029175,-0.10851198434829712,0.9996637105941772,-0.004486143589019775,-0.002622365951538086,-0.00016380846500396729,0.5764766931533813,0.4718919098377228,0.10859118402004242,0.999479353427887,-0.003531217575073242,-1.2814998626708984e-06,0.00015360862016677856,0.5626382231712341,0.6103938221931458,-0.19808104634284973,0.9418687224388123,-0.006122112274169922,-0.00031495094299316406,-0.015221923589706421,0.594423770904541,0.614517092704773,0.14666856825351715,0.6388617753982544,-0.00045436620712280273,0.0012326836585998535,-0.00044943392276763916,0.5438448786735535,0.7684556841850281,-0.21646234393119812,0.9406881928443909,-0.013342559337615967,-0.002296268939971924,-0.02020573616027832,0.624357283115387,0.7491859197616577,0.2042243480682373,0.8027516603469849,0.0008781552314758301,0.003651857376098633,-0.0041468143463134766,0.5469512343406677,0.7945078015327454,-0.22392085194587708,0.8636611700057983,-0.019125521183013916,0.0005828142166137695,-0.02115820348262787,0.6369849443435669,0.7727059721946716,0.2064441740512848,0.7838253378868103,0.0013937950134277344,0.005674183368682861,-0.0045104920864105225,0.5054199695587158,0.801118791103363,-0.3356812000274658,0.9341793656349182,-0.01414424180984497,-0.004256486892700195,-0.02771657705307007,0.5846929550170898,0.7831906080245972,0.1423989236354828,0.8519686460494995,-0.0060198307037353516,0.0068855881690979,-0.00659710168838501
0.5270817875862122,0.24442878365516663,-0.0676833763718605,0.9999309182167053,-0.005802810192108154,-0.0010461360216140747,-0.0005592405796051025,0.5291815996170044,0.22900477051734924,-0.08071967959403992,0.999875009059906,-0.005532681941986084,-0.001091286540031433,0.0008500963449478149,0.531309187412262,0.22687043249607086,-0.08078798651695251,0.9998958706855774,-0.00542759895324707,-0.0011611729860305786,0.0008498802781105042,0.5336660146713257,0.22449703514575958,-0.0808066874742508,0.999905526638031,-0.005303442478179932,-0.0011935532093048096,0.0008492544293403625,0.5261833071708679,0.23210744559764862,-0.047841113060712814,0.9998077154159546,-0.005647778511047363,-0.0010604709386825562,0.0005076192319393158,0.5260931253433228,0.2322321981191635,-0.0477987602353096,0.9997676610946655,-0.005707502365112305,-0.0010249614715576172,0.0005092546343803406,0.5261369943618774,0.2322225123643875,-0.04780738800764084,0.9997590184211731,-0.005787849426269531,-0.0009526312351226807,0.0005145668983459473,0.549536406993866,0.22095231711864471,-0.09866426885128021,0.9999043345451355,-0.004727184772491455,-0.0009272396564483643,0.006347626447677612,0.5386793613433838,0.23032543063163757,0.050966303795576096,0.9993714690208435,-0.005750298500061035,-0.0005596280097961426,0.004386689513921738,0.537792980670929,0.25212401151657104,-0.07122255116701126,0.9999399185180664,-0.005315899848937988,-0.0009001493453979492,0.0013887882232666016,0.5343019962310791,0.25534263253211975,-0.027832362800836563,0.9998125433921814,-0.005601108074188232,-0.0009145438671112061,0.0008532162755727768,0.6069983839988708,0.27053460478782654,-0.16493047773838043,0.9999914169311523,-0.005937039852142334,-0.0006540119647979736,0.0048310160636901855,0.5515629053115845,0.3106096684932709,0.1589820683002472,0.9998673796653748,-0.004445135593414307,6.628036499023438e-05,0.00923311710357666,0.6168133020401001,0.36322906613349915,-0.2569376230239868,0.997338056564331,-0.0070514678955078125,0.0013551414012908936,0.004968464374542236,0.5446677207946777,0.40279272198677063,0.20864316821098328,0.6033264398574829,-0.004245877265930176,0.00042241811752319336,0.004078403115272522,0.6020716428756714,0.45655688643455505,-0.34204477071762085,0.9942747354507446,-0.00875842571258545,0.00020197033882141113,0.010746955871582031,0.528313934803009,0.4802279770374298,0.12316934019327164,0.8395410180091858,0.0003783106803894043,0.005362480878829956,0.0011363178491592407,0.5980417728424072,0.49130040407180786,-0.38546308875083923,0.9869610667228699,-0.010070443153381348,0.0020775794982910156,0.011602818965911865,0.521186113357544,0.5032281875610352,0.11508505046367645,0.7954512238502502,0.0023261308670043945,0.006082057952880859,-0.00016827881336212158,0.5878070592880249,0.4908229410648346,-0.3909408152103424,0.9871892333030701,-0.009186208248138428,0.002419769763946533,0.010592609643936157,0.5206698179244995,0.5038737654685974,0.0792602151632309,0.8092016577720642,0.002220451831817627,0.006997257471084595,0.0016972720623016357,0.5865710973739624,0.48214277625083923,-0.3441622853279114,0.9791136384010315,-0.009225606918334961,0.002928406000137329,0.010412216186523438,0.5244255065917969,0.4973762631416321,0.1051040068268776,0.7980107665061951,0.0019322633743286133,0.005895733833312988,0.0018236786127090454,0.6015250086784363,0.4661942720413208,-0.11163709312677383,0.9996925592422485,-0.0060572028160095215,-0.00017887353897094727,-0.003125108778476715,0.5712561011314392,0.47196996212005615,0.11173327267169952,0.9995025992393494,-0.005220592021942139,7.805228233337402e-05,0.0031420886516571045,0.5564363598823547,0.609325110912323,-0.21374909579753876,0.9437119960784912,-0.0062018632888793945,-0.001068711280822754,-0.015668049454689026,0.5905742049217224,0.6155515909194946,0.15118949115276337,0.619042158126831,-0.0038495659828186035,0.0010344982147216797,0.004520922899246216,0.5334044694900513,0.7703626155853271,-0.24616488814353943,0.9454824924468994,-0.010440409183502197,0.0019069314002990723,-0.02970254421234131,0.6253191828727722,0.7497170567512512,0.2125311642885208,0.7994616627693176,0.0009618997573852539,0.0005311369895935059,0.008306816220283508,0.5358986854553223,0.7986208200454712,-0.2548995614051819,0.8739944100379944,-0.011052548885345459,0.00411301851272583,-0.03097870945930481,0.6411958932876587,0.773644208908081,0.21517738699913025,0.7897523045539856,0.004210948944091797,0.0009382367134094238,0.008733212947845459,0.4855092167854309,0.8017950057983398,-0.3702016770839691,0.9394068717956543,-0.019910752773284912,0.0006762146949768066,-0.034520477056503296,0.584999144077301,0.7851094603538513,0.15234673023223877,0.851127564907074,0.00030618906021118164,0.0019188523292541504,0.009947806596755981
0.521215558052063,0.24360494315624237,-0.05893693491816521,0.9999362230300903,-0.00586622953414917,-0.0008238404989242554,0.008746441453695297,0.5231467485427856,0.22825108468532562,-0.07284881174564362,0.9998849630355835,-0.00603485107421875,-0.0007536858320236206,0.007870867848396301,0.5251988768577576,0.22618812322616577,-0.07291118055582047,0.999904215335846,-0.0061103105545043945,-0.0006823092699050903,0.00787680596113205,0.5274450778961182,0.223863884806633,-0.07292275875806808,0.9999133348464966,-0.0062209367752075195,-0.0006331503391265869,0.007883928716182709,0.5204304456710815,0.23108620941638947,-0.03930100426077843,0.9998230934143066,-0.005752861499786377,-0.0010212361812591553,0.008540108799934387,0.520486056804657,0.23111313581466675,-0.039246566593647,0.999785304069519,-0.0056070685386657715,-0.0011190623044967651,0.008552193641662598,0.5206564664840698,0.23100723326206207,-0.03924226015806198,0.9997775554656982,-0.005480527877807617,-0.0012152791023254395,0.008565127849578857,0.5432374477386475,0.22006019949913025,-0.09436022490262985,0.9999120235443115,-0.006298959255218506,-0.0008921176195144653,0.00430404394865036,0.5332248210906982,0.22898735105991364,0.057599447667598724,0.9994174242019653,-0.005454540252685547,-0.001338079571723938,0.006633143872022629,0.5316437482833862,0.2513313591480255,-0.06368891894817352,0.9999443292617798,-0.006149232387542725,-0.0007926523685455322,0.007533632218837738,0.5284527540206909,0.2544044852256775,-0.01956203207373619,0.9998251795768738,-0.005849242210388184,-0.0009381473064422607,0.008270330727100372,0.6000934839248657,0.2694849371910095,-0.16385847330093384,0.9999922513961792,-0.006904900074005127,-0.0010496675968170166,0.0010720044374465942,0.5469447374343872,0.31054651737213135,0.16488565504550934,0.9998701214790344,-0.004618167877197266,-6.315112113952637e-05,0.005903586745262146,0.6103421449661255,0.3630041778087616,-0.25807663798332214,0.9974905848503113,-0.006471157073974609,-0.00022488832473754883,-0.0011390149593353271,0.5413345098495483,0.4029445946216583,0.2137458622455597,0.5846250653266907,-0.0033332109451293945,0.0001518726348876953,0.005102694034576416,0.5958317518234253,0.4573071599006653,-0.34238624572753906,0.994623601436615,-0.006239891052246094,0.0007502734661102295,-0.0003414750099182129,0.5285824537277222,0.48144668340682983,0.12845930457115173,0.8260789513587952,0.00026851892471313477,0.0012187063694000244,0.0052899643778800964,0.5929813981056213,0.4915691614151001,-0.3869514465332031,0.9877583384513855,-0.005060374736785889,0.00026875734329223633,-0.0014883577823638916,0.5221893787384033,0.5059021711349487,0.11987411975860596,0.7807314991950989,0.001003265380859375,0.0026739835739135742,0.004789069294929504,0.5818324089050293,0.4909011423587799,-0.3909578323364258,0.9879254102706909,-0.0059746503829956055,7.82012939453125e-05,-1.7017126083374023e-05,0.5217092037200928,0.5064501166343689,0.0852387323975563,0.7945793867111206,0.0010393857955932617,0.0025763511657714844,0.005978517234325409,0.5803016424179077,0.4823150932788849,-0.343512624502182,0.9801069498062134,-0.0062694549560546875,0.0001723170280456543,0.0006496608257293701,0.5253127217292786,0.4992489218711853,0.11082662642002106,0.7840440273284912,0.0008872151374816895,0.0018726587295532227,0.005722619593143463,0.5960363149642944,0.46480071544647217,-0.11126478016376495,0.9997190237045288,-0.005488693714141846,-0.0013935565948486328,0.0003723129630088806,0.5662587285041809,0.47189101576805115,0.11134733259677887,0.9995253682136536,-0.004997372627258301,-7.894635200500488e-05,-0.0003859400749206543,0.5541378259658813,0.6090577840805054,-0.20215165615081787,0.9445523619651794,-0.0022985339164733887,-0.00026732683181762695,0.011597439646720886,0.5865979194641113,0.6155001521110535,0.14398512244224548,0.6060732007026672,-0.003976285457611084,-5.143880844116211e-05,-0.007204368710517883,0.5252138376235962,0.7745750546455383,-0.23149383068084717,0.9497573971748352,-0.008190631866455078,0.004212439060211182,0.01467105746269226,0.6276195645332336,0.7504347562789917,0.20553112030029297,0.8006543517112732,0.0023003816604614258,0.0007176995277404785,-0.007000043988227844,0.5277458429336548,0.8029199838638306,-0.24013423919677734,0.8830534219741821,-0.00815284252166748,0.004299163818359375,0.014765322208404541,0.6429758071899414,0.7736690044403076,0.20848815143108368,0.7972754240036011,0.0017799139022827148,2.47955322265625e-05,-0.00668923556804657,0.4826551377773285,0.7999280691146851,-0.35360845923423767,0.9440330862998962,-0.002854079008102417,-0.0018669366836547852,0.016593217849731445,0.5863510370254517,0.7848933935165405,0.14265623688697815,0.8531570434570312,0.0013518929481506348,-0.00021606683731079102,-0.00969049334526062
0.517370343208313,0.2425302416086197,-0.06118518114089966,0.9999407529830933,-0.00384521484375,-0.0010747015476226807,-0.0022482462227344513,0.519036054611206,0.22714874148368835,-0.07737018167972565,0.999893844127655,-0.00411069393157959,-0.001102343201637268,-0.004521369934082031,0.5209177732467651,0.224994957447052,-0.07742540538311005,0.9999115467071533,-0.004281103610992432,-0.0011931657791137695,-0.004514224827289581,0.5232021808624268,0.22258275747299194,-0.07743488252162933,0.9999202489852905,-0.004242897033691406,-0.0012811273336410522,-0.004512123763561249,0.5167543292045593,0.22994937002658844,-0.042600251734256744,0.9998371005058289,-0.003676116466522217,-0.0011368393898010254,-0.0032992474734783173,0.5168411135673523,0.22995615005493164,-0.04254725202918053,0.9998014569282532,-0.0036449432373046875,-0.0011569857597351074,-0.0033006854355335236,0.5169806480407715,0.22985829412937164,-0.04254806414246559,0.9997948408126831,-0.00367581844329834,-0.0011489391326904297,-0.0033058039844036102,0.5384491086006165,0.21849966049194336,-0.10382894426584244,0.9999188780784607,-0.004788339138031006,-0.0015605390071868896,-0.009468719363212585,0.5285724997520447,0.22787417471408844,0.052153319120407104,0.9994621276855469,-0.0046523213386535645,-0.0011131763458251953,-0.00544612854719162,0.527618944644928,0.2499944120645523,-0.0676954835653305,0.9999480843544006,-0.004024803638458252,-0.0013369470834732056,-0.004006564617156982,0.5242830514907837,0.253217488527298,-0.0221469197422266,0.9998371005058289,-0.0041697025299072266,-0.0011869966983795166,-0.00258488766849041,0.5919971466064453,0.26820188760757446,-0.17084673047065735,0.9999929666519165,-0.00809633731842041,-0.0012830495834350586,-0.006988257169723511,0.5449484586715698,0.30812591314315796,0.16321052610874176,0.9998728632926941,-0.001996278762817383,-0.0024206042289733887,-0.0016751289367675781,0.602180004119873,0.3627568185329437,-0.268392413854599,0.9975855946540833,-0.008162140846252441,-0.0002473592758178711,-0.010315775871276855,0.5398100018501282,0.4030620753765106,0.2122003585100174,0.5636909604072571,-0.001524507999420166,0.00011748075485229492,-0.0015455037355422974,0.5854151844978333,0.45760053396224976,-0.3445133566856384,0.9947885274887085,-0.010416567325592041,0.00029337406158447266,-0.0021271109580993652,0.5301523208618164,0.48456674814224243,0.13068023324012756,0.8080443739891052,0.0015698671340942383,0.0031200647354125977,0.00222092866897583,0.5822646021842957,0.493238627910614,-0.3889138698577881,0.9881492257118225,-0.010716795921325684,0.001669466495513916,-0.001962423324584961,0.5237354040145874,0.5104080438613892,0.12512049078941345,0.7617574334144592,0.001546025276184082,0.00450587272644043,0.005246371030807495,0.5720709562301636,0.49206194281578064,-0.3904820382595062,0.9882295727729797,-0.009761452674865723,0.0011608004570007324,0.00047579407691955566,0.5232733488082886,0.5118669867515564,0.09016156196594238,0.7755893468856812,0.0015641450881958008,0.0054168701171875,0.004922829568386078,0.5711362361907959,0.48305314779281616,-0.34443938732147217,0.9803704619407654,-0.009165406227111816,0.0007380545139312744,-0.0009267628192901611,0.526860237121582,0.5036306977272034,0.11327378451824188,0.7665930986404419,0.0015475153923034668,0.004381775856018066,0.002447158098220825,0.583168625831604,0.46637392044067383,-0.11400065571069717,0.9997388124465942,-0.01286768913269043,0.0015732049942016602,-0.0027358755469322205,0.5626530051231384,0.47334662079811096,0.1140434518456459,0.9995296597480774,-0.0036057233810424805,0.0014556050300598145,0.002696119248867035,0.543892502784729,0.6134734749794006,-0.18721438944339752,0.9430909752845764,-0.010245323181152344,0.004415690898895264,0.014937266707420349,0.5828089118003845,0.6169646978378296,0.1481017917394638,0.5891730785369873,-0.0037890076637268066,0.001464545726776123,0.004116669297218323,0.5208709239959717,0.7779656648635864,-0.18034426867961884,0.9528821110725403,-0.004342913627624512,0.0033906102180480957,0.05114956200122833,0.6276970505714417,0.7503330111503601,0.20073838531970978,0.7940725088119507,7.748603820800781e-05,-0.0001017451286315918,-0.004792734980583191,0.524564266204834,0.8040796518325806,-0.1857844442129135,0.891274094581604,-0.0031815767288208008,0.00115966796875,0.05434979498386383,0.6434665322303772,0.773586094379425,0.20229534804821014,0.8001599311828613,0.000490725040435791,-8.291006088256836e-05,-0.006192803382873535,0.4793272614479065,0.7994725108146667,-0.28902721405029297,0.9471176266670227,-0.003327876329421997,-0.00045555830001831055,0.0645812451839447,0.5869765281677246,0.7849957346916199,0.1400318294763565,0.8483980894088745,0.0006254911422729492,0.0001023411750793457,-0.002624407410621643
0.5130385756492615,0.2398129552602768,-0.08899106830358505,0.9999452829360962,-0.004331767559051514,-0.0027172863483428955,-0.027805887162685394,0.5151646137237549,0.22419756650924683,-0.10289265215396881,0.9999025464057922,-0.003871440887451172,-0.0029511749744415283,-0.025522470474243164,0.5174179077148438,0.22193805873394012,-0.10293684899806976,0.9999186992645264,-0.0034998655319213867,-0.0030568987131118774,-0.025511443614959717,0.5200785398483276,0.21953333914279938,-0.10293779522180557,0.9999269843101501,-0.003123641014099121,-0.003049418330192566,-0.02550291270017624,0.5117003917694092,0.22746355831623077,-0.06830496340990067,0.9998508095741272,-0.0050539374351501465,-0.002485811710357666,-0.02570471167564392,0.5113620758056641,0.2277650535106659,-0.06824158132076263,0.9998173713684082,-0.005479037761688232,-0.002191096544265747,-0.025694329291582108,0.5110834240913391,0.22795924544334412,-0.06825920194387436,0.9998118877410889,-0.005897223949432373,-0.0018990486860275269,-0.025711137801408768,0.5354316830635071,0.2169966846704483,-0.11385218799114227,0.9999254941940308,-0.003017425537109375,-0.0015029758214950562,-0.010023243725299835,0.522530198097229,0.2269233763217926,0.04621604084968567,0.999505877494812,-0.006042301654815674,-0.0009507983922958374,-0.0059372782707214355,0.5241448879241943,0.24805647134780884,-0.08908411115407944,0.9999521374702454,-0.0034740567207336426,-0.0019379407167434692,-0.021388627588748932,0.5193473696708679,0.2513663172721863,-0.043910980224609375,0.9998500943183899,-0.0049356818199157715,-0.0018511712551116943,-0.021764060482382774,0.5836920738220215,0.2673228979110718,-0.1887059211730957,0.999993622303009,-0.008305072784423828,-0.0008789896965026855,-0.017859190702438354,0.5407588481903076,0.30543628334999084,0.15630224347114563,0.9998763203620911,-0.004189610481262207,-0.0026896297931671143,-0.00690828263759613,0.5929161310195923,0.36302801966667175,-0.2777545750141144,0.9977018237113953,-0.009263873100280762,0.00027120113372802734,-0.00936216115951538,0.5372263193130493,0.40315061807632446,0.2082807719707489,0.537009060382843,-0.0025836825370788574,8.854269981384277e-05,-0.003919586539268494,0.5733935832977295,0.45973628759384155,-0.34900200366973877,0.9950253367424011,-0.01202160120010376,0.002135753631591797,-0.004488646984100342,0.5289753675460815,0.4882667362689972,0.12382060289382935,0.788661539554596,-0.0011769533157348633,0.0036999881267547607,-0.006859630346298218,0.5724528431892395,0.49834638833999634,-0.3931230902671814,0.9886971116065979,-0.009811758995056152,0.005107760429382324,-0.0042092204093933105,0.5238550901412964,0.5161154270172119,0.11726764589548111,0.7421160936355591,0.00011968612670898438,0.005707383155822754,-0.007852844893932343,0.5613071918487549,0.49839717149734497,-0.3956352770328522,0.9887137413024902,-0.010763764381408691,0.006335228681564331,-0.005153238773345947,0.5232853889465332,0.5187127590179443,0.08148454129695892,0.7557369470596313,1.2040138244628906e-05,0.0068457722663879395,-0.00867702066898346,0.5601994395256042,0.4895445704460144,-0.349109947681427,0.980972409248352,-0.01093679666519165,0.006491422653198242,-0.004670560359954834,0.5265948176383972,0.5091248154640198,0.10609801113605499,0.747534453868866,-0.00026541948318481445,0.005494117736816406,-0.00717577338218689,0.5755094289779663,0.46671849489212036,-0.11784390360116959,0.9997594952583313,-0.007659196853637695,0.0003445744514465332,-0.003843247890472412,0.5567521452903748,0.4738979935646057,0.11787734925746918,0.9995397925376892,-0.005900859832763672,0.000551372766494751,0.0038338974118232727,0.5385242104530334,0.6161685585975647,-0.17841967940330505,0.9449236989021301,-0.005368292331695557,0.0026950836181640625,0.008794710040092468,0.5774857997894287,0.6183717846870422,0.16501131653785706,0.5832048654556274,-0.0053231120109558105,0.0014070868492126465,0.01690952479839325,0.5176190137863159,0.7806426286697388,-0.18480491638183594,0.9565808773040771,-0.0032519102096557617,0.0026769638061523438,-0.004460647702217102,0.6270192861557007,0.749474823474884,0.22486364841461182,0.7963865995407104,-0.0006777644157409668,-0.0008581876754760742,0.02412526309490204,0.524466335773468,0.8042824864387512,-0.1922183781862259,0.8994241952896118,-9.79304313659668e-05,0.0002028346061706543,-0.006433933973312378,0.6434234380722046,0.7733349204063416,0.22824032604694366,0.8089662194252014,-4.309415817260742e-05,-0.0002511739730834961,0.02594497799873352,0.4742805063724518,0.8045409917831421,-0.3032068610191345,0.9509341716766357,-0.005046755075454712,0.005068480968475342,-0.014179646968841553,0.5870402455329895,0.7843964099884033,0.17599254846572876,0.8518451452255249,6.371736526489258e-05,-0.0005993247032165527,0.03596071898937225
0.5065292716026306,0.23717965185642242,-0.08227737247943878,0.9999480247497559,-0.006509304046630859,-0.00263330340385437,0.006713695824146271,0.5086809396743774,0.22132888436317444,-0.09910958260297775,0.9999088048934937,-0.006483674049377441,-0.0028686821460723877,0.0037830695509910583,0.5108877420425415,0.21918454766273499,-0.09914682805538177,0.999923825263977,-0.006530165672302246,-0.002753511071205139,0.0037900209426879883,0.5134074091911316,0.21694423258304596,-0.09915079176425934,0.9999321103096008,-0.006671130657196045,-0.002589106559753418,0.003787003457546234,0.505626916885376,0.22439990937709808,-0.0633043423295021,0.9998607039451599,-0.006073474884033203,-0.0030636489391326904,0.00500062108039856,0.5055386424064636,0.22463458776474,-0.06324831396341324,0.9998282790184021,-0.0058234333992004395,-0.0031304657459259033,0.004993267357349396,0.5055078268051147,0.22475215792655945,-0.06326647102832794,0.9998242259025574,-0.005575597286224365,-0.003207087516784668,0.004992730915546417,0.5287018418312073,0.21484030783176422,-0.12029798328876495,0.9999306201934814,-0.006729841232299805,-0.002156376838684082,-0.006445795297622681,0.5173858404159546,0.22344572842121124,0.03863760083913803,0.999536395072937,-0.005144357681274414,-0.00347764790058136,-0.007578440010547638,0.5178006887435913,0.2461870312690735,-0.08749904483556747,0.9999546408653259,-0.006344199180603027,-0.0018694400787353516,0.0015850663185119629,0.5135585069656372,0.2490953505039215,-0.04124046117067337,0.9998582005500793,-0.005788862705230713,-0.0022709667682647705,0.0026705190539360046,0.5744698643684387,0.26628944277763367,-0.2041449248790741,0.9999942183494568,-0.009222209453582764,-0.0010334551334381104,-0.015439003705978394,0.538971483707428,0.2989066243171692,0.15744134783744812,0.9998681545257568,-0.0017873644828796387,-0.006529659032821655,0.0011391043663024902,0.5857466459274292,0.3632603585720062,-0.27762430906295776,0.9978454113006592,-0.007169485092163086,0.00023233890533447266,0.0001302659511566162,0.5386474132537842,0.3977116048336029,0.20516467094421387,0.4990157186985016,0.0014210939407348633,-0.005439013242721558,-0.003116101026535034,0.5625326037406921,0.46201640367507935,-0.31643426418304443,0.9953241944313049,-0.010860979557037354,0.002280116081237793,0.032567739486694336,0.5287098288536072,0.48733747005462646,0.12226346880197525,0.7486994862556458,-0.00026553869247436523,-0.0009292662143707275,-0.0015571340918540955,0.5582883954048157,0.4999857246875763,-0.35770443081855774,0.9893223643302917,-0.014164447784423828,0.001639336347579956,0.03541865944862366,0.5241537094116211,0.514500081539154,0.11708120256662369,0.7048727869987488,0.00029861927032470703,-0.0016153454780578613,-0.00018644332885742188,0.5487977266311646,0.4997195303440094,-0.35592180490493774,0.9892898201942444,-0.012509465217590332,0.0013223588466644287,0.03971347212791443,0.5231903791427612,0.5167306065559387,0.08160732686519623,0.7182804942131042,-9.500980377197266e-05,-0.0019821524620056152,0.0001227855682373047,0.5490067601203918,0.491023987531662,-0.31349968910217285,0.9817680716514587,-0.011192679405212402,0.001479417085647583,0.03561025857925415,0.5259835124015808,0.5078369379043579,0.10458280146121979,0.7115404605865479,-0.0006113052368164062,-0.0012878775596618652,-0.001515209674835205,0.5649741888046265,0.46795615553855896,-0.11948053538799286,0.9997732043266296,-0.010535240173339844,0.0012376606464385986,-0.0016366317868232727,0.5532996654510498,0.47405439615249634,0.11950703710317612,0.9995089173316956,-0.003452479839324951,0.000156402587890625,0.0016296878457069397,0.5352280735969543,0.6198548674583435,-0.15809524059295654,0.9460098743438721,-0.0032961368560791016,0.0036863088607788086,0.02032443881034851,0.5704900026321411,0.6195282340049744,0.16454188525676727,0.572020947933197,-0.006995797157287598,0.001156449317932129,-0.0004694312810897827,0.5186876058578491,0.7815160155296326,-0.18092116713523865,0.959568440914154,0.0010685920715332031,0.0008733868598937988,0.00388374924659729,0.6232736706733704,0.7490500807762146,0.22378583252429962,0.7937309741973877,-0.0037456154823303223,-0.0004247426986694336,-0.0010778158903121948,0.5273446440696716,0.8051285147666931,-0.18142208456993103,0.9066813588142395,0.0028783082962036133,0.0008460283279418945,0.01079629361629486,0.641951858997345,0.7726538777351379,0.22723861038684845,0.8140051960945129,-0.0014715790748596191,-0.0006810426712036133,-0.0010017156600952148,0.4686802327632904,0.8097278475761414,-0.28984662890434265,0.9540001153945923,-0.005600273609161377,0.005186855792999268,0.01336023211479187,0.5830226540565491,0.7834812998771667,0.17885002493858337,0.8516446352005005,-0.00401759147644043,-0.0009151101112365723,0.0028574764728546143
0.5029125213623047,0.23525482416152954,-0.08041940629482269,0.9999493956565857,-0.0036167502403259277,-0.0019248276948928833,0.0018579661846160889,0.505558967590332,0.21948108077049255,-0.09738577902317047,0.9999135732650757,-0.00312197208404541,-0.0018478035926818848,0.0017238035798072815,0.5078824162483215,0.21758703887462616,-0.09742583334445953,0.999927818775177,-0.0030053257942199707,-0.0015975087881088257,0.0017209947109222412,0.5104942917823792,0.21556727588176727,-0.09744806587696075,0.9999362826347351,-0.0029131174087524414,-0.0013769567012786865,0.001702725887298584,0.5021315217018127,0.2219005674123764,-0.061600975692272186,0.9998675584793091,-0.0034953951835632324,-0.0024993419647216797,0.0017033666372299194,0.5018600225448608,0.2218826562166214,-0.06153751537203789,0.999835193157196,-0.003678619861602783,-0.0027519315481185913,0.001710798591375351,0.5016264319419861,0.2217087596654892,-0.061544835567474365,0.9998323321342468,-0.003881394863128662,-0.0030433982610702515,0.0017216354608535767,0.5248521566390991,0.2137850672006607,-0.12093587219715118,0.9999351501464844,-0.0038496851921081543,-0.0010552406311035156,-0.0006378889083862305,0.5134057402610779,0.22046269476413727,0.03667173534631729,0.9995564222335815,-0.003980100154876709,-0.0029830336570739746,-0.0019658654928207397,0.513604998588562,0.24485644698143005,-0.08652964979410172,0.9999561905860901,-0.004195690155029297,-0.0013305842876434326,0.0009693950414657593,0.5091521143913269,0.24719509482383728,-0.04015550762414932,0.9998626112937927,-0.004406392574310303,-0.0019002556800842285,0.0010849535465240479,0.5671107172966003,0.26618272066116333,-0.20392939448356628,0.999994695186615,-0.007359147071838379,-0.00010672211647033691,0.0002155303955078125,0.5386351943016052,0.2915824353694916,0.15804359316825867,0.9998455047607422,-0.0003362894058227539,-0.007324188947677612,0.0006022453308105469,0.5784915089607239,0.3648965060710907,-0.27218014001846313,0.9979645609855652,-0.007255136966705322,0.0016361474990844727,0.005444169044494629,0.5410522222518921,0.3834764063358307,0.2029775083065033,0.4558056592941284,0.00240480899810791,-0.014235198497772217,-0.0021871626377105713,0.5563348531723022,0.46225374937057495,-0.2787993848323822,0.9954187273979187,-0.006197750568389893,0.00023734569549560547,0.03763487935066223,0.5299185514450073,0.47539108991622925,0.1191004067659378,0.6887518763542175,0.0012087225914001465,-0.011946380138397217,-0.003163062036037445,0.5524455308914185,0.49991661310195923,-0.31735724210739136,0.9894961714744568,-0.005842864513397217,-6.911158561706543e-05,0.04034718871116638,0.5259836912155151,0.5041679739952087,0.1135951429605484,0.6507675051689148,0.001829981803894043,-0.010332107543945312,-0.003486059606075287,0.5445619821548462,0.4995183050632477,-0.3152586817741394,0.9894025325775146,-0.004235744476318359,-0.00020122528076171875,0.04066312313079834,0.5248438119888306,0.5074632167816162,0.08114542812108994,0.6635120511054993,0.001653432846069336,-0.00926738977432251,-0.0004618987441062927,0.5446458458900452,0.49073418974876404,-0.27553194761276245,0.9818030595779419,-0.00436091423034668,-0.0002897977828979492,0.0379677414894104,0.5267088413238525,0.4981524646282196,0.10176527500152588,0.6581807136535645,0.0007253289222717285,-0.009684473276138306,-0.0028175264596939087,0.5589343905448914,0.4681418240070343,-0.12094491720199585,0.9997866153717041,-0.006039798259735107,0.0001856684684753418,-0.0014643818140029907,0.5495845675468445,0.4735179841518402,0.12101813405752182,0.9994860887527466,-0.0037150979042053223,-0.0005364120006561279,0.0015110969543457031,0.5301060080528259,0.618712306022644,-0.1547544151544571,0.9487431049346924,-0.005122065544128418,-0.0011425614356994629,0.0033408254384994507,0.5582510232925415,0.6194249987602234,0.16900141537189484,0.5662261247634888,-0.01223897933959961,-0.00010323524475097656,0.0044595301151275635,0.5183914303779602,0.7809640765190125,-0.1675737202167511,0.9627031683921814,-0.000296175479888916,-0.0005519390106201172,0.013347446918487549,0.6205829977989197,0.743870735168457,0.23200228810310364,0.7987972497940063,-0.0026906728744506836,-0.005179345607757568,0.008216455578804016,0.5272309184074402,0.8047847151756287,-0.17036205530166626,0.9141187071800232,-0.00011372566223144531,-0.0003437995910644531,0.01106002926826477,0.6388512849807739,0.7650138735771179,0.23557524383068085,0.8235130906105042,-0.003100574016571045,-0.0076400041580200195,0.008336633443832397,0.46707338094711304,0.8138760328292847,-0.2612624764442444,0.957360029220581,-0.0016068518161773682,0.0041481852531433105,0.028584152460098267,0.5839422941207886,0.7836119532585144,0.1904246062040329,0.855978786945343,0.000919640064239502,0.00013065338134765625,0.011574581265449524
0.495939165353775,0.23173193633556366,-0.0815192312002182,0.9999444484710693,-0.006973356008529663,-0.0035228878259658813,-0.0010998249053955078,0.49812355637550354,0.2160055935382843,-0.09802144765853882,0.9999118447303772,-0.007435411214828491,-0.003475487232208252,-0.0006356686353683472,0.5005735754966736,0.21394890546798706,-0.09806028008460999,0.9999271631240845,-0.007308840751647949,-0.003638133406639099,-0.0006344467401504517,0.5033717155456543,0.21167539060115814,-0.0980779230594635,0.9999368786811829,-0.0071225762367248535,-0.003891885280609131,-0.0006298571825027466,0.49455881118774414,0.21895457804203033,-0.06291083246469498,0.999862015247345,-0.0075727105140686035,-0.0029459893703460693,-0.0013098567724227905,0.49422961473464966,0.21912577748298645,-0.06285165250301361,0.9998248815536499,-0.007630407810211182,-0.0027568787336349487,-0.0013141371309757233,0.4939185082912445,0.21912962198257446,-0.06285715848207474,0.9998226165771484,-0.007707923650741577,-0.002579137682914734,-0.0013123229146003723,0.5186527967453003,0.20968729257583618,-0.12111487239599228,0.9999366998672485,-0.006199359893798828,-0.004097774624824524,-0.00017900019884109497,0.5048271417617798,0.21778158843517303,0.03851456940174103,0.999518096446991,-0.008578598499298096,-0.0026811063289642334,0.0018428340554237366,0.5070284605026245,0.24135223031044006,-0.08728130161762238,0.9999534487724304,-0.0065765380859375,-0.0035042166709899902,-0.0007516518235206604,0.5023930668830872,0.2444385141134262,-0.04128661006689072,0.9998461604118347,-0.006759047508239746,-0.0027565807104110718,-0.001131102442741394,0.5670693516731262,0.2652515769004822,-0.19886207580566406,0.9999951124191284,-4.1365623474121094e-05,-0.0009311437606811523,0.005067318677902222,0.5259328484535217,0.29173538088798523,0.16247640550136566,0.999794065952301,-0.012702345848083496,0.00015294551849365234,0.004432812333106995,0.5750621557235718,0.3666843771934509,-0.27048853039741516,0.9980322122573853,-0.0034293532371520996,0.0017878711223602295,0.0016916096210479736,0.5312917232513428,0.37954503297805786,0.20248854160308838,0.41717833280563354,-0.009760499000549316,-0.003931373357772827,-0.000488966703414917,0.5508552193641663,0.4629717171192169,-0.27879297733306885,0.9954583644866943,-0.005479633808135986,0.0007179677486419678,6.407499313354492e-06,0.5270684957504272,0.47030672430992126,0.10066966712474823,0.6385891437530518,-0.002850055694580078,-0.005084365606307983,-0.018430739641189575,0.5469092130661011,0.49971047043800354,-0.31763917207717896,0.9895790219306946,-0.005536317825317383,-0.00020614266395568848,-0.00028192996978759766,0.5245439410209656,0.4995500445365906,0.08873052895069122,0.6067720055580139,-0.0014397501945495605,-0.004617929458618164,-0.024864614009857178,0.5384462475776672,0.4992857575416565,-0.3193899989128113,0.9894457459449768,-0.006115734577178955,-0.00023254752159118652,-0.004131317138671875,0.5229020714759827,0.5018978714942932,0.05589156225323677,0.6192811727523804,-0.0019417405128479004,-0.005565345287322998,-0.025253865867853165,0.5383321046829224,0.4904642403125763,-0.27710410952568054,0.981725811958313,-0.006313741207122803,-0.00026994943618774414,-0.0015721619129180908,0.5244070887565613,0.49215295910835266,0.08234266936779022,0.6149783134460449,-0.0023017525672912598,-0.005999505519866943,-0.019422605633735657,0.5594967603683472,0.4682290852069855,-0.12160302698612213,0.999793291091919,0.0005623698234558105,8.726119995117188e-05,-0.0006581097841262817,0.5357115864753723,0.4726788103580475,0.12164589017629623,0.9994284510612488,-0.013872981071472168,-0.0008391737937927246,0.0006277561187744141,0.5263205766677856,0.6184309720993042,-0.15519118309020996,0.9492828845977783,-0.003785431385040283,-0.00028133392333984375,-0.00043676793575286865,0.5408520698547363,0.6192493438720703,0.14235462248325348,0.5726067423820496,-0.017398953437805176,-0.00017565488815307617,-0.026646792888641357,0.518980860710144,0.78007972240448,-0.15766343474388123,0.9655086994171143,0.0005894303321838379,-0.0008843541145324707,0.009910285472869873,0.6165062785148621,0.739596426486969,0.18328694999217987,0.8074127435684204,-0.004076719284057617,-0.004274308681488037,-0.04871533811092377,0.5264370441436768,0.803015947341919,-0.16199573874473572,0.9198604226112366,-0.0007938742637634277,-0.0017687678337097168,0.008366316556930542,0.6377252340316772,0.7578924298286438,0.18457983434200287,0.8332477807998657,-0.0011260509490966797,-0.007121443748474121,-0.05099540948867798,0.4661124348640442,0.8132622838020325,-0.2604237198829651,0.9603683948516846,-0.0009609460830688477,-0.0006137490272521973,0.0008387565612792969,0.5843890905380249,0.7868148684501648,0.1333862543106079,0.8625670671463013,0.0004467964172363281,0.0032029151916503906,-0.05703835189342499
0.48815983533859253,0.22932583093643188,-0.11733706295490265,0.9999397397041321,-0.007779330015182495,-0.002406105399131775,-0.03581783175468445,0.49062949419021606,0.21320785582065582,-0.13206617534160614,0.9999107718467712,-0.007494062185287476,-0.002797737717628479,-0.03404472768306732,0.49316152930259705,0.21128322184085846,-0.13213686645030975,0.9999271035194397,-0.007412046194076538,-0.002665683627128601,-0.03407658636569977,0.49606186151504517,0.2092323899269104,-0.1321941763162613,0.9999379515647888,-0.007309854030609131,-0.0024430006742477417,-0.03411625325679779,0.48723992705345154,0.21604052186012268,-0.09696747362613678,0.9998555779457092,-0.0073188841342926025,-0.002914056181907654,-0.0340566411614418,0.48702511191368103,0.21615251898765564,-0.09690883755683899,0.9998135566711426,-0.007204502820968628,-0.0029732584953308105,-0.03405718505382538,0.48683303594589233,0.2161509245634079,-0.09688903391361237,0.9998114705085754,-0.007085472345352173,-0.002978697419166565,-0.03403187543153763,0.5123605728149414,0.20763656497001648,-0.14878584444522858,0.9999389052391052,-0.006292223930358887,-0.002050727605819702,-0.027670972049236298,0.4987185001373291,0.2144656926393509,0.011097435839474201,0.999479353427887,-0.006108641624450684,-0.0033158957958221436,-0.027417133562266827,0.4995386600494385,0.23957738280296326,-0.11935100704431534,0.999951183795929,-0.007489800453186035,-0.0017748475074768066,-0.03206970542669296,0.49478429555892944,0.24207542836666107,-0.07322247326374054,0.9998296499252319,-0.007608771324157715,-0.0023630857467651367,-0.03193586319684982,0.5600307583808899,0.26529762148857117,-0.21789750456809998,0.9999954700469971,-0.007038593292236328,4.604458808898926e-05,-0.019035428762435913,0.5199434161186218,0.2906160056591034,0.1462990641593933,0.9997152090072632,-0.005989432334899902,-0.001119375228881836,-0.01617734134197235,0.5687340497970581,0.36944928765296936,-0.27831345796585083,0.9981006979942322,-0.006328105926513672,0.0027649104595184326,-0.007824927568435669,0.524542510509491,0.37820398807525635,0.187413290143013,0.3809424042701721,-0.006749212741851807,-0.0013410449028015137,-0.015075251460075378,0.5461286902427673,0.4643792510032654,-0.28783994913101196,0.9954497218132019,-0.004726529121398926,0.001407533884048462,-0.009046971797943115,0.5195711851119995,0.4624123275279999,0.08112622052431107,0.5882555842399597,-0.007497310638427734,-0.007894396781921387,-0.019543446600437164,0.5432154536247253,0.49971631169319153,-0.3264288604259491,0.9895316958427429,-0.0036937594413757324,5.841255187988281e-06,-0.008789688348770142,0.5165601968765259,0.48965588212013245,0.06906892359256744,0.5619523525238037,-0.007983744144439697,-0.00989416241645813,-0.01966160535812378,0.5343115329742432,0.4990498125553131,-0.3280760943889618,0.9893777966499329,-0.004134714603424072,-0.0002359449863433838,-0.008686095476150513,0.5150015354156494,0.49198678135871887,0.03480406850576401,0.5741212964057922,-0.007900536060333252,-0.00991109013557434,-0.021087493747472763,0.5336264967918396,0.4902721345424652,-0.28616008162498474,0.9814504384994507,-0.004705607891082764,-0.00019210577011108398,-0.0090559720993042,0.5171902775764465,0.4827527701854706,0.06231727451086044,0.570626974105835,-0.007216811180114746,-0.00940018892288208,-0.02002539485692978,0.5534706115722656,0.4685273766517639,-0.12121769040822983,0.9997963905334473,-0.006026148796081543,0.0002982914447784424,0.00038533657789230347,0.5295519828796387,0.4724930226802826,0.12125899642705917,0.9993529915809631,-0.006159603595733643,-0.00018578767776489258,-0.00038689374923706055,0.5223116278648376,0.6180120706558228,-0.1508428156375885,0.950088620185852,-0.004008948802947998,-0.0004189014434814453,0.00434836745262146,0.5302985310554504,0.6192066073417664,0.12931136786937714,0.5841171145439148,-0.010553538799285889,-4.273653030395508e-05,-0.013043254613876343,0.5177022218704224,0.7821738123893738,-0.1236632838845253,0.9682618379592896,-0.0012786388397216797,0.002094089984893799,0.034000150859355927,0.6043025851249695,0.7340890765190125,0.1808687150478363,0.8174111843109131,-0.012203693389892578,-0.005507349967956543,-0.002418234944343567,0.5271856784820557,0.8046911358833313,-0.1268196552991867,0.9254214763641357,0.0007486343383789062,0.0016751885414123535,0.03517608344554901,0.6236533522605896,0.7437136769294739,0.18294154107570648,0.84332674741745,-0.014071881771087646,-0.014178752899169922,-0.0016382932662963867,0.4655844271183014,0.812999963760376,-0.22921116650104523,0.9633459448814392,-0.0005280077457427979,-0.00026232004165649414,0.03121255338191986,0.5813733339309692,0.786727786064148,0.13134005665779114,0.8694979548454285,-0.003015756607055664,-8.70823860168457e-05,-0.0020461976528167725
0.4794619679450989,0.2262333333492279,-0.13912644982337952,0.9999306201934814,-0.008697867393493652,-0.0030924975872039795,-0.021789386868476868,0.4823192059993744,0.2100343257188797,-0.1528099626302719,0.9999023079872131,-0.008310288190841675,-0.003173530101776123,-0.02074378728866577,0.4848867952823639,0.20832541584968567,-0.15288937091827393,0.9999222755432129,-0.008274734020233154,-0.0029578059911727905,-0.020752504467964172,0.4878323972225189,0.2064361721277237,-0.15295790135860443,0.9999355673789978,-0.008229464292526245,-0.0027962177991867065,-0.02076372504234314,0.4784591794013977,0.21267452836036682,-0.11828567832708359,0.9998356103897095,-0.008780747652053833,-0.0033659934997558594,-0.021318204700946808,0.4782443642616272,0.2127411812543869,-0.11823286861181259,0.9997839331626892,-0.008780747652053833,-0.003411337733268738,-0.021324031054973602,0.47812002897262573,0.21272794902324677,-0.11823298037052155,0.9997812509536743,-0.008713006973266602,-0.003422975540161133,-0.02134394645690918,0.5054270625114441,0.20484870672225952,-0.16476598381996155,0.9999379515647888,-0.0069335103034973145,-0.002787858247756958,-0.01598013937473297,0.49072903394699097,0.21085980534553528,-0.007032512687146664,0.9993950128555298,-0.007989466190338135,-0.003605887293815613,-0.018129948526620865,0.4910784363746643,0.2365589737892151,-0.13925369083881378,0.9999451637268066,-0.00846022367477417,-0.003018409013748169,-0.019902683794498444,0.48600706458091736,0.23851139843463898,-0.09372593462467194,0.9997891783714294,-0.008777230978012085,-0.0035640299320220947,-0.020503461360931396,0.5540542006492615,0.2628864347934723,-0.22831781208515167,0.999995768070221,-0.005976557731628418,-0.002411186695098877,-0.010420307517051697,0.5092958807945251,0.2854458689689636,0.12665686011314392,0.9996239542961121,-0.01064753532409668,-0.0051701366901397705,-0.01964220404624939,0.5639079809188843,0.3694462776184082,-0.28341466188430786,0.9981515407562256,-0.004826068878173828,-3.0100345611572266e-06,-0.005101203918457031,0.5186736583709717,0.37579819560050964,0.16573169827461243,0.3494904339313507,-0.005868852138519287,-0.002405792474746704,-0.021681591868400574,0.5407015681266785,0.4637235403060913,-0.2945903241634369,0.9955301284790039,-0.005427122116088867,-0.0006557106971740723,-0.006750375032424927,0.5133191347122192,0.4602697789669037,0.0549810416996479,0.547100305557251,-0.0062520503997802734,-0.0021425485610961914,-0.026145178824663162,0.5371134281158447,0.49789759516716003,-0.3333943784236908,0.9896698594093323,-0.006102025508880615,-0.0018187165260314941,-0.006965517997741699,0.5084081888198853,0.4863470494747162,0.03934837505221367,0.5255229473114014,-0.008152008056640625,-0.0033088326454162598,-0.029720548540353775,0.5285061597824097,0.49614953994750977,-0.3371712863445282,0.9895170331001282,-0.005805373191833496,-0.0029002726078033447,-0.009095191955566406,0.5067893862724304,0.48909375071525574,0.005961373448371887,0.5376458168029785,-0.008212149143218994,-0.0028930306434631348,-0.02884269505739212,0.5282561182975769,0.48771336674690247,-0.29379335045814514,0.981549084186554,-0.005370378494262695,-0.002558767795562744,-0.0076332688331604,0.5099449157714844,0.48005664348602295,0.0360451340675354,0.5346735119819641,-0.007245361804962158,-0.002696126699447632,-0.026272140443325043,0.5513477325439453,0.4672430455684662,-0.12001772224903107,0.9997873902320862,-0.0021228790283203125,-0.0012843310832977295,0.001199968159198761,0.520595908164978,0.47024327516555786,0.12005065381526947,0.9992581009864807,-0.008956074714660645,-0.0022497475147247314,-0.0012083426117897034,0.5187997221946716,0.6177814602851868,-0.1533423513174057,0.9503477215766907,-0.0035119056701660156,-0.00023061037063598633,-0.0024995356798171997,0.5173958539962769,0.6161419153213501,0.07708902657032013,0.60828697681427,-0.012902677059173584,-0.0030646920204162598,-0.05222234129905701,0.5179206728935242,0.7834860682487488,-0.12652263045310974,0.9707103371620178,0.00021845102310180664,0.001312255859375,-0.002859346568584442,0.5957787036895752,0.7296841144561768,0.15642204880714417,0.8291365504264832,-0.008523881435394287,-0.004404962062835693,-0.02444666624069214,0.5282250642776489,0.8058479428291321,-0.13081130385398865,0.9289015531539917,0.0010393857955932617,0.0011568069458007812,-0.003991648554801941,0.6139624714851379,0.7369603514671326,0.16069582104682922,0.8536156415939331,-0.00969088077545166,-0.006753325462341309,-0.02224572002887726,0.46473079919815063,0.812950074672699,-0.23440894484519958,0.9659671783447266,-0.0008536279201507568,-4.988908767700195e-05,-0.005197778344154358,0.5779257416725159,0.7865063548088074,0.10424230247735977,0.8775388598442078,-0.003447592258453369,-0.00022143125534057617,-0.027097754180431366
0.4725726544857025,0.2227250188589096,-0.14990481734275818,0.9999086260795593,-0.006889313459396362,-0.0035083144903182983,-0.010778367519378662,0.47533512115478516,0.2071053683757782,-0.168339803814888,0.9998705983161926,-0.006984084844589233,-0.0029289573431015015,-0.015529841184616089,0.4775570034980774,0.20569750666618347,-0.16839894652366638,0.9999025464057922,-0.007329791784286499,-0.0026279091835021973,-0.015509575605392456,0.4801277220249176,0.20419731736183167,-0.16845223307609558,0.9999216198921204,-0.007704675197601318,-0.002238854765892029,-0.01549433171749115,0.47283563017845154,0.20879726111888885,-0.13176670670509338,0.9997725486755371,-0.005623549222946167,-0.0038772672414779663,-0.013481028378009796,0.4731290936470032,0.20859208703041077,-0.1317138671875,0.9997055530548096,-0.0051152706146240234,-0.004149094223976135,-0.013480998575687408,0.4735282361507416,0.20830827951431274,-0.13173553347587585,0.9996997714042664,-0.004591792821884155,-0.004419669508934021,-0.013502553105354309,0.497912734746933,0.20289607346057892,-0.19957515597343445,0.999927818775177,-0.007514327764511108,-0.001952633261680603,-0.0348091721534729,0.4879276156425476,0.20678600668907166,-0.032411329448223114,0.9992422461509705,-0.0028014183044433594,-0.004073798656463623,-0.02537881676107645,0.4831627905368805,0.23339462280273438,-0.15702682733535767,0.9999285340309143,-0.007915645837783813,-0.003164350986480713,-0.017773136496543884,0.4795960783958435,0.23452749848365784,-0.10870319604873657,0.9996975064277649,-0.0064109861850738525,-0.00398389995098114,-0.014977261424064636,0.5496149659156799,0.26143917441368103,-0.26387107372283936,0.9999960064888,-0.004439234733581543,-0.0014472603797912598,-0.03555326163768768,0.5030050277709961,0.2790851593017578,0.08947636932134628,0.999552309513092,-0.006290853023529053,-0.0063607096672058105,-0.03718049079179764,0.558840274810791,0.3693138659000397,-0.3194572329521179,0.9981148838996887,-0.005067706108093262,-0.00013241171836853027,-0.03604257106781006,0.5123103260993958,0.37359413504600525,0.13629552721977234,0.32302916049957275,-0.006363332271575928,-0.0022040605545043945,-0.029436171054840088,0.5369632244110107,0.4627886116504669,-0.3302482068538666,0.9954066276550293,-0.0037383437156677246,-0.0009349286556243896,-0.03565788269042969,0.5063703656196594,0.45852574706077576,0.04266602173447609,0.512049674987793,-0.0069487690925598145,-0.0017440319061279297,-0.012315019965171814,0.5335540175437927,0.49632734060287476,-0.36871522665023804,0.989428699016571,-0.003559410572052002,-0.0015702545642852783,-0.03532084822654724,0.5006771087646484,0.4846223294734955,0.02896493300795555,0.4939919412136078,-0.007731080055236816,-0.0017247200012207031,-0.010383442044258118,0.5238969922065735,0.49431249499320984,-0.3738395571708679,0.9892511963844299,-0.004609167575836182,-0.0018370449542999268,-0.03666827082633972,0.4991261065006256,0.48799657821655273,-0.00563160190358758,0.5062091946601868,-0.00766327977180481,-0.001097172498703003,-0.011592975351959467,0.5236130952835083,0.4858619272708893,-0.3299870789051056,0.980890691280365,-0.0046430230140686035,-0.0018514394760131836,-0.03619372844696045,0.5034403204917908,0.4792197644710541,0.023400451987981796,0.5037841796875,-0.0065045952796936035,-0.0008368790149688721,-0.012644682079553604,0.5496588945388794,0.4671083390712738,-0.11937330663204193,0.9997856020927429,-0.001688838005065918,-0.0001347064971923828,0.0006444156169891357,0.5133063793182373,0.4697220027446747,0.11942775547504425,0.9992039799690247,-0.007289528846740723,-0.0005212724208831787,-0.0006228983402252197,0.5198754668235779,0.6175094842910767,-0.1638009250164032,0.9525142908096313,0.00107574462890625,-0.0002719759941101074,-0.010458573698997498,0.49687448143959045,0.6116082668304443,0.061504144221544266,0.6377447843551636,-0.0205213725566864,-0.004533648490905762,-0.015584882348775864,0.5169968008995056,0.7835619449615479,-0.1295997053384781,0.9732359051704407,-0.0009238719940185547,7.587671279907227e-05,-0.003077074885368347,0.5766080021858215,0.7256766557693481,0.16960711777210236,0.8411676287651062,-0.019170701503753662,-0.004007458686828613,0.013185068964958191,0.5270801782608032,0.8055664300918579,-0.13419939577579498,0.9322550296783447,-0.0011448860168457031,-0.0002815127372741699,-0.0033880919218063354,0.5996239185333252,0.7307826280593872,0.17492562532424927,0.8633571267127991,-0.014338552951812744,-0.006177723407745361,0.014229804277420044,0.46707773208618164,0.8141912221908569,-0.25155743956565857,0.9686959981918335,0.002346932888031006,0.001241147518157959,-0.017148494720458984,0.5575000047683716,0.7856022119522095,0.11818982660770416,0.8856809735298157,-0.020425736904144287,-0.0009041428565979004,0.013947524130344391
0.46666646003723145,0.21907733380794525,-0.14564815163612366,0.9998921751976013,-0.005906194448471069,-0.0036476850509643555,0.0042566657066345215,0.46882230043411255,0.2032969444990158,-0.1638607531785965,0.9998493790626526,-0.006512820720672607,-0.00380842387676239,0.004479050636291504,0.47098761796951294,0.20192573964595795,-0.16391566395759583,0.9998893737792969,-0.006569385528564453,-0.003771767020225525,0.004483282566070557,0.47348934412002563,0.20051637291908264,-0.16396696865558624,0.9999133348464966,-0.006638377904891968,-0.0036809444427490234,0.004485264420509338,0.46663182973861694,0.2049814611673355,-0.12710030376911163,0.9997289180755615,-0.006203800439834595,-0.0038157999515533447,0.0046664029359817505,0.4670182764530182,0.20485837757587433,-0.1270463913679123,0.9996507167816162,-0.006110817193984985,-0.003733709454536438,0.0046674758195877075,0.4675103724002838,0.20461536943912506,-0.12706908583641052,0.999641478061676,-0.006017863750457764,-0.003692910075187683,0.004666447639465332,0.49172767996788025,0.20028986036777496,-0.19604071974754333,0.9999220371246338,-0.006185054779052734,-0.002606213092803955,0.0035344362258911133,0.4821949005126953,0.20344342291355133,-0.028530564159154892,0.9991298317909241,-0.005732715129852295,-0.0033425837755203247,0.003880765289068222,0.47696757316589355,0.22980229556560516,-0.15353718400001526,0.9999167323112488,-0.0061952173709869385,-0.0035923272371292114,0.0034896433353424072,0.4735090136528015,0.23104330897331238,-0.10507793724536896,0.9996246099472046,-0.006087064743041992,-0.003484189510345459,0.0036252588033676147,0.5420917272567749,0.25778108835220337,-0.26866424083709717,0.9999963045120239,-0.007523238658905029,-0.003658086061477661,-0.0047931671142578125,0.4984974265098572,0.2775421440601349,0.09480342268943787,0.9994593262672424,-0.004507601261138916,-0.0015430152416229248,0.005327053368091583,0.554067075252533,0.36772042512893677,-0.3259086608886719,0.9981762170791626,-0.004773199558258057,-0.0015934407711029053,-0.006451427936553955,0.507909893989563,0.37313058972358704,0.1423705667257309,0.2990599572658539,-0.004400432109832764,-0.0004635453224182129,0.006075039505958557,0.5342013239860535,0.46219968795776367,-0.33597543835639954,0.9956071972846985,-0.0027619004249572754,-0.0005889236927032471,-0.005727231502532959,0.4996817708015442,0.4595645070075989,0.05317150801420212,0.4800160527229309,-0.006688594818115234,0.0010387599468231201,0.010505486279726028,0.530190110206604,0.4953298270702362,-0.3752874732017517,0.9898326396942139,-0.0033639073371887207,-0.0009975135326385498,-0.006572246551513672,0.4935441017150879,0.48648983240127563,0.041140563786029816,0.4646451473236084,-0.007133007049560547,0.0018675029277801514,0.012175630778074265,0.5201402306556702,0.493270605802536,-0.3791733682155609,0.9896544814109802,-0.0037567615509033203,-0.0010418891906738281,-0.005333811044692993,0.4919200837612152,0.4897928237915039,0.006367241498082876,0.47683361172676086,-0.0072060227394104,0.0017962455749511719,0.011998843401670456,0.5198766589164734,0.484653502702713,-0.3350810706615448,0.981443464756012,-0.003736436367034912,-0.0012084245681762695,-0.005093991756439209,0.49672093987464905,0.480940043926239,0.03402053192257881,0.4749073088169098,-0.006719380617141724,0.0017202794551849365,0.010620079934597015,0.5457024574279785,0.4668125808238983,-0.11925449222326279,0.9997870922088623,-0.003956437110900879,-0.0002957582473754883,0.00011881440877914429,0.5084718465805054,0.4691389799118042,0.11926630884408951,0.9991560578346252,-0.004834532737731934,-0.0005830228328704834,-0.00016144663095474243,0.5150793194770813,0.6173666715621948,-0.17453190684318542,0.9545369744300842,-0.004796147346496582,-0.00014281272888183594,-0.010730981826782227,0.4808622896671295,0.6075098514556885,0.0530904121696949,0.6642780900001526,-0.016012191772460938,-0.004098415374755859,-0.008413732051849365,0.5195025205612183,0.7831138372421265,-0.11659075319766998,0.9752776622772217,0.0025057196617126465,-0.0004481077194213867,0.013008952140808105,0.5588396787643433,0.7179216146469116,0.17328676581382751,0.8496027588844299,-0.01776832342147827,-0.0077550411224365234,0.0036796480417251587,0.5292025208473206,0.8050612807273865,-0.11848275363445282,0.9337745308876038,0.002122342586517334,-0.0005051493644714355,0.015716642141342163,0.5822645425796509,0.7254114747047424,0.18459539115428925,0.8697565793991089,-0.017359375953674316,-0.005371153354644775,0.009669765830039978,0.47129687666893005,0.8141308426856995,-0.2428126037120819,0.9708459377288818,0.004219144582748413,-6.03795051574707e-05,0.00874483585357666,0.5295082926750183,0.7855074405670166,0.13753683865070343,0.8912566900253296,-0.02799171209335327,-9.47713851928711e-05,0.019347012042999268
0.46173709630966187,0.21858550608158112,-0.15660406649112701,0.999868631362915,-0.00492936372756958,-0.0004918277263641357,-0.010955914855003357,0.4639483094215393,0.2025458812713623,-0.17429867386817932,0.9998190402984619,-0.004873991012573242,-0.0007510632276535034,-0.010437920689582825,0.4662811756134033,0.20099981129169464,-0.17436832189559937,0.9998688101768494,-0.004706442356109619,-0.0009259283542633057,-0.01045265793800354,0.46893447637557983,0.19934314489364624,-0.17443430423736572,0.9998995661735535,-0.004554867744445801,-0.0011732280254364014,-0.01046733558177948,0.46125680208206177,0.2045447677373886,-0.13714313507080078,0.9996744990348816,-0.005375027656555176,-0.0004366934299468994,-0.010042831301689148,0.46137553453445435,0.20448412001132965,-0.13708528876304626,0.9995760917663574,-0.005642741918563843,-0.00037425756454467773,-0.010038897395133972,0.4616034924983978,0.20426781475543976,-0.1371154636144638,0.9995620250701904,-0.005906879901885986,-0.00034755468368530273,-0.010046377778053284,0.4864443242549896,0.1987079530954361,-0.20029446482658386,0.9999133348464966,-0.005283355712890625,-0.0015819072723388672,-0.004253745079040527,0.47555845975875854,0.20288577675819397,-0.031197000294923782,0.9989725947380066,-0.006636440753936768,-0.0005576461553573608,-0.0026664361357688904,0.4729923605918884,0.22926051914691925,-0.16216003894805908,0.999899685382843,-0.003975212574005127,-0.0005417764186859131,-0.008622854948043823,0.468832790851593,0.2308601438999176,-0.11316104978322983,0.9995372295379639,-0.004676222801208496,-0.0001831650733947754,-0.00808311253786087,0.5381256937980652,0.25728052854537964,-0.2710610032081604,0.999996542930603,-0.003966033458709717,-0.0005005598068237305,-0.0023967623710632324,0.4957870841026306,0.2771247327327728,0.09995980560779572,0.9993718266487122,-0.0027103424072265625,-0.00041741132736206055,0.005156382918357849,0.5486584901809692,0.3677064776420593,-0.33182230591773987,0.9982179403305054,-0.005408585071563721,-1.3947486877441406e-05,-0.005913645029067993,0.5074506402015686,0.3739854395389557,0.14872300624847412,0.2755570709705353,-0.00045925378799438477,0.0008548498153686523,0.006352439522743225,0.528232216835022,0.46203097701072693,-0.344010591506958,0.9956986904144287,-0.005969107151031494,-0.00016871094703674316,-0.008035153150558472,0.49701398611068726,0.46112319827079773,0.05623701214790344,0.4478379786014557,-0.0026677846908569336,0.0015586912631988525,0.0030655041337013245,0.5247230529785156,0.49521535634994507,-0.38569778203964233,0.989983320236206,-0.005467057228088379,-0.0001144707202911377,-0.010410308837890625,0.4902561604976654,0.48797374963760376,0.044244471937417984,0.4349248707294464,-0.0032879412174224854,0.001483917236328125,0.0031039081513881683,0.5156592726707458,0.493105947971344,-0.38915398716926575,0.9897961616516113,-0.004480957984924316,-0.0001646578311920166,-0.009980618953704834,0.4888361990451813,0.4909735321998596,0.008034205995500088,0.4468160569667816,-0.0030838847160339355,0.0011807084083557129,0.0016669644974172115,0.5151829719543457,0.48449835181236267,-0.3432159125804901,0.9815088510513306,-0.0046936869621276855,-0.0001551508903503418,-0.008134841918945312,0.49293214082717896,0.4822138845920563,0.03649991378188133,0.44569310545921326,-0.0037887990474700928,0.0012738406658172607,0.0024793818593025208,0.538777768611908,0.4672265946865082,-0.1200820580124855,0.9997829794883728,-0.006924688816070557,0.0004140138626098633,-0.0008275657892227173,0.5031881928443909,0.469127357006073,0.12008829414844513,0.999103844165802,-0.005283653736114502,-1.1622905731201172e-05,0.0008219853043556213,0.5099941492080688,0.6171363592147827,-0.18189160525798798,0.9549413919448853,-0.005085170269012451,-0.00023031234741210938,-0.007359698414802551,0.4721123278141022,0.6047951579093933,0.04720202460885048,0.6844475269317627,-0.008749961853027344,-0.002714693546295166,-0.005888387560844421,0.5154265761375427,0.7825710773468018,-0.12221350520849228,0.9766021370887756,-0.004075944423675537,-0.000542759895324707,-0.005622752010822296,0.5442396402359009,0.721869170665741,0.17041441798210144,0.8537579774856567,-0.014600038528442383,0.003947556018829346,-0.0028723478317260742,0.5254790186882019,0.8044214248657227,-0.12469206005334854,0.9330201148986816,-0.0037235021591186523,-0.0006398558616638184,-0.0062093064188957214,0.5617636442184448,0.7319872975349426,0.17968450486660004,0.87249356508255,-0.020500898361206055,0.006575822830200195,-0.004910886287689209,0.46911007165908813,0.8142163753509521,-0.24446244537830353,0.972122073173523,-0.002186805009841919,8.553266525268555e-05,-0.0016498416662216187,0.5105503797531128,0.781368613243103,0.12618374824523926,0.8936769366264343,-0.018957912921905518,-0.004138827323913574,-0.011353090405464172
0.4567643105983734,0.21892060339450836,-0.15527909994125366,0.9998242855072021,-0.004972785711288452,0.0003350973129272461,0.001324966549873352,0.4594651162624359,0.2024960070848465,-0.16494402289390564,0.9997721910476685,-0.0044831931591033936,-4.9874186515808105e-05,0.009354650974273682,0.46183592081069946,0.20111703872680664,-0.16497890651226044,0.9998385310173035,-0.004445254802703857,0.00011722743511199951,0.009389415383338928,0.4645765721797943,0.19961383938789368,-0.1649898737668991,0.9998787045478821,-0.0043579041957855225,0.0002706944942474365,0.009444430470466614,0.4567728042602539,0.20420613884925842,-0.13646182417869568,0.999584436416626,-0.004483997821807861,-0.000338628888130188,0.0006813108921051025,0.4568933844566345,0.2040836215019226,-0.13641291856765747,0.9994624853134155,-0.004482150077819824,-0.00040049850940704346,0.0006723701953887939,0.45712900161743164,0.20381957292556763,-0.1365739405155182,0.9994430541992188,-0.0044744908809661865,-0.00044824182987213135,0.0005415230989456177,0.48229655623435974,0.19934365153312683,-0.18342509865760803,0.9999018907546997,-0.004147768020629883,0.0006356984376907349,0.01686936616897583,0.4717358946800232,0.20284005999565125,-0.02463754639029503,0.9987840056419373,-0.0038225650787353516,-4.571676254272461e-05,0.006559453904628754,0.4674023687839508,0.23026713728904724,-0.1498076319694519,0.9998732805252075,-0.005589991807937622,0.0010066181421279907,0.012352406978607178,0.46353840827941895,0.23202334344387054,-0.1090564876794815,0.9993980526924133,-0.005294382572174072,0.001163199543952942,0.0041045621037483215,0.5354398488998413,0.25792670249938965,-0.2560664713382721,0.9999966621398926,-0.002685844898223877,0.0006461739540100098,0.014994531869888306,0.49251705408096313,0.27691176533699036,0.10472693294286728,0.9992121458053589,-0.0032700300216674805,-0.0002129673957824707,0.004767127335071564,0.5459902882575989,0.3677172064781189,-0.32319432497024536,0.9982544183731079,-0.0026682019233703613,1.0728836059570312e-05,0.008627980947494507,0.5005978345870972,0.36857229471206665,0.16103136539459229,0.2523922920227051,-0.0068528056144714355,-0.005413144826889038,0.012308359146118164,0.5252810120582581,0.462597519159317,-0.33749061822891235,0.9957395195960999,-0.002951204776763916,0.0005665421485900879,0.006519973278045654,0.49027127027511597,0.45792338252067566,0.07831621915102005,0.41501137614250183,-0.006742715835571289,-0.0031998157501220703,0.022079207003116608,0.5231027007102966,0.4961323142051697,-0.37830278277397156,0.9900288581848145,-0.0016203522682189941,0.0009169578552246094,0.007394999265670776,0.4849805235862732,0.48527437448501587,0.06666149199008942,0.40488460659980774,-0.005275636911392212,-0.0026993751525878906,0.022417020052671432,0.5136294364929199,0.4941760003566742,-0.3811344802379608,0.989802360534668,-0.0020298361778259277,0.0010700523853302002,0.008019506931304932,0.48314714431762695,0.4882940649986267,0.030914053320884705,0.4163188934326172,-0.005689054727554321,-0.00267946720123291,0.022879847325384617,0.5127702951431274,0.48536208271980286,-0.33642804622650146,0.9813082814216614,-0.0024126768112182617,0.0008637309074401855,0.0067878663539886475,0.4879454970359802,0.4793386459350586,0.058298319578170776,0.41581210494041443,-0.0049866437911987305,-0.0028752386569976807,0.021798405796289444,0.5348840355873108,0.4683607518672943,-0.11979886144399643,0.999782145023346,-0.003893733024597168,0.0011341571807861328,0.0002831965684890747,0.4983000159263611,0.4691518545150757,0.11980970203876495,0.9990577101707458,-0.004888176918029785,2.4497509002685547e-05,-0.0002785921096801758,0.5076740980148315,0.6163000464439392,-0.18933998048305511,0.9564916491508484,-0.0023200511932373047,-0.0008363127708435059,-0.007448375225067139,0.46217530965805054,0.6053418517112732,0.030790042132139206,0.7023777961730957,-0.009937018156051636,0.0005466938018798828,-0.016411982476711273,0.5164786577224731,0.7781586050987244,-0.1386176347732544,0.9778543710708618,0.00105208158493042,-0.004412472248077393,-0.016404129564762115,0.5284668207168579,0.721912145614624,0.14507518708705902,0.8555132746696472,-0.01577281951904297,4.297494888305664e-05,-0.02533923089504242,0.5271395444869995,0.803481936454773,-0.1418006420135498,0.9322514533996582,0.0016605257987976074,-0.000939488410949707,-0.017108581960201263,0.5450122356414795,0.7353758215904236,0.1527557671070099,0.8732320070266724,-0.016751408576965332,0.003388524055480957,-0.02692873775959015,0.4708443284034729,0.8137191534042358,-0.2669300138950348,0.9732784628868103,0.0017342567443847656,-0.0004972219467163086,-0.022467568516731262,0.4940219819545746,0.7842699885368347,0.0981980562210083,0.894911527633667,-0.016528397798538208,0.0029013752937316895,-0.027985692024230957
0.45096057653427124,0.21866440773010254,-0.14659535884857178,0.9997249245643616,-0.005803734064102173,-0.00025619566440582275,0.008683741092681885,0.45376935601234436,0.20212417840957642,-0.16447748243808746,0.9996585249900818,-0.005695760250091553,-0.00037182867527008057,0.00046654045581817627,0.45617222785949707,0.20089823007583618,-0.1645452082157135,0.9997639656066895,-0.005663692951202393,-0.00021880865097045898,0.00043369829654693604,0.45887407660484314,0.19956550002098083,-0.1646081507205963,0.9998223185539246,-0.005702495574951172,-4.83393669128418e-05,0.0003817230463027954,0.4508203864097595,0.20344309508800507,-0.12843188643455505,0.9993689060211182,-0.005952417850494385,-0.0007630437612533569,0.008029937744140625,0.4509815573692322,0.20320166647434235,-0.12837257981300354,0.9991740584373474,-0.005911827087402344,-0.0008819550275802612,0.00804033875465393,0.4512317180633545,0.20284776389598846,-0.12842702865600586,0.9991151094436646,-0.0058972835540771484,-0.0009718090295791626,0.008146911859512329,0.4766918122768402,0.19929128885269165,-0.19990918040275574,0.999873161315918,-0.005604743957519531,-5.2362680435180664e-05,-0.016484081745147705,0.46576547622680664,0.20229004323482513,-0.028174806386232376,0.9981838464736938,-0.005970418453216553,-0.0005500167608261108,-0.0035372599959373474,0.46172553300857544,0.23018240928649902,-0.15313509106636047,0.9998049736022949,-0.005676835775375366,-8.472800254821777e-05,-0.0033274590969085693,0.4579290747642517,0.23169590532779694,-0.10486473888158798,0.9991129636764526,-0.005609333515167236,-0.0003274381160736084,0.004191748797893524,0.5276733636856079,0.256574422121048,-0.2776842713356018,0.9999967813491821,-0.0077664852142333984,-0.0013522803783416748,-0.021617799997329712,0.4909640848636627,0.2748784124851227,0.10089290142059326,0.9990086555480957,-0.001552969217300415,-0.0020333528518676758,-0.0038340315222740173,0.5413591265678406,0.36704757809638977,-0.34764158725738525,0.9983682632446289,-0.004631161689758301,-0.000669628381729126,-0.024447262287139893,0.4972406029701233,0.3676300644874573,0.16130545735359192,0.23204351961612701,-0.003357231616973877,-0.000942230224609375,0.0002740919589996338,0.5211552977561951,0.4626006782054901,-0.35963088274002075,0.9960101246833801,-0.004125714302062988,3.159046173095703e-06,-0.0221402645111084,0.48699426651000977,0.4591471552848816,0.08091079443693161,0.3868313729763031,-0.003277003765106201,0.0012237727642059326,0.00259457528591156,0.5188634395599365,0.49615031480789185,-0.4033915102481842,0.9905675649642944,-0.004239261150360107,1.800060272216797e-05,-0.025088727474212646,0.4813704490661621,0.48639029264450073,0.07198973745107651,0.37856295704841614,-0.003610074520111084,0.0011159181594848633,0.005328245460987091,0.5090934038162231,0.4941781461238861,-0.4043930470943451,0.990344762802124,-0.004536032676696777,2.1457672119140625e-06,-0.023258566856384277,0.4796523153781891,0.489297479391098,0.033988796174526215,0.38966184854507446,-0.003494828939437866,0.0010034143924713135,0.00307474285364151,0.5084754228591919,0.48537179827690125,-0.3578290641307831,0.9821575880050659,-0.004294872283935547,9.715557098388672e-06,-0.021401017904281616,0.4839155673980713,0.4803770184516907,0.06069808453321457,0.3900027275085449,-0.0040299296379089355,0.00103837251663208,0.0023997649550437927,0.5270625352859497,0.46947619318962097,-0.11967822164297104,0.9997380375862122,-0.007821500301361084,0.0011154413223266602,0.00012063980102539062,0.4928041398525238,0.46943309903144836,0.11969572305679321,0.99884432554245,-0.00549587607383728,0.00028124451637268066,-0.00011397898197174072,0.5030595064163208,0.6161536574363708,-0.14544329047203064,0.9565982818603516,-0.004614591598510742,-0.00014638900756835938,0.043896690011024475,0.4599991738796234,0.6057494878768921,0.057449888437986374,0.7019597887992859,-0.002176135778427124,0.0004076361656188965,0.026659846305847168,0.5183653235435486,0.7781246304512024,-0.08361176401376724,0.9773418307304382,0.0018866658210754395,-3.3974647521972656e-05,0.05500587075948715,0.5105730295181274,0.7409143447875977,0.15567944943904877,0.8464165925979614,-0.01789379119873047,0.019002199172973633,0.010604262351989746,0.5285370945930481,0.8031785488128662,-0.08464203029870987,0.928788959980011,0.001397550106048584,-0.0003033876419067383,0.057158611714839935,0.5241161584854126,0.7645204663276672,0.1611625999212265,0.8629719614982605,-0.020896077156066895,0.029144644737243652,0.008406832814216614,0.4727711081504822,0.8135919570922852,-0.19692929089069366,0.9725615978240967,0.0019267797470092773,-0.0001271963119506836,0.07000072300434113,0.4764362871646881,0.7860890030860901,0.09605550765991211,0.8885090947151184,-0.017585694789886475,0.001819014549255371,-0.0021425485610961914
0.44460242986679077,0.21762746572494507,-0.13965675234794617,0.9996669888496399,-0.006358146667480469,-0.0010369420051574707,0.00693860650062561,0.4465939998626709,0.20112676918506622,-0.1572190821170807,0.9995778203010559,-0.007175356149673462,-0.0009974092245101929,0.007258400321006775,0.44920945167541504,0.19971290230751038,-0.15728899836540222,0.999713122844696,-0.006962776184082031,-0.0011853277683258057,0.007256209850311279,0.4520769715309143,0.19819705188274384,-0.1573496013879776,0.9997838735580444,-0.006797105073928833,-0.0013684481382369995,0.007258549332618713,0.4432438910007477,0.2029905766248703,-0.12109650671482086,0.9992308020591736,-0.007576495409011841,-0.0004525184631347656,0.007335379719734192,0.4432414472103119,0.20294739305973053,-0.1210399642586708,0.9989989399909973,-0.007740110158920288,-0.0002542734146118164,0.007332615554332733,0.44330453872680664,0.2027711272239685,-0.12107585370540619,0.998919665813446,-0.007927179336547852,-7.66366720199585e-05,0.00735117495059967,0.47076669335365295,0.19766530394554138,-0.18975476920604706,0.9998526573181152,-0.005925118923187256,-0.0016259849071502686,0.01015441119670868,0.4569370746612549,0.20211388170719147,-0.021151667460799217,0.9977349638938904,-0.008828401565551758,-0.000176161527633667,0.007023138925433159,0.4565553665161133,0.22905415296554565,-0.14624252915382385,0.9997606873512268,-0.005170166492462158,-0.0011282563209533691,0.006892561912536621,0.4521154463291168,0.23088715970516205,-0.09816700965166092,0.9989187717437744,-0.005813628435134888,-0.0008087456226348877,0.006697729229927063,0.5253039598464966,0.2558938264846802,-0.26417332887649536,0.9999969005584717,-0.002369403839111328,-0.0006805956363677979,0.013510942459106445,0.48419100046157837,0.2762754261493683,0.10595373064279556,0.9988524317741394,-0.006773084402084351,0.0013970136642456055,0.005060829222202301,0.5383261442184448,0.3659572899341583,-0.3344206213951111,0.9984830021858215,-0.003032982349395752,-0.0010902881622314453,0.01322096586227417,0.4870235025882721,0.36950820684432983,0.1646515429019928,0.2142820954322815,-0.010217100381851196,0.0018781423568725586,0.003346085548400879,0.5219269394874573,0.4618149399757385,-0.35945168137550354,0.9962897300720215,0.000771641731262207,-0.0007857382297515869,0.00017920136451721191,0.4771832823753357,0.4609675705432892,0.08432227373123169,0.3651670515537262,-0.009810984134674072,0.0018204152584075928,0.0034114792943000793,0.5202108025550842,0.4961390793323517,-0.4026734232902527,0.9911450743675232,0.001347362995147705,-1.1235475540161133e-05,0.0007180869579315186,0.4701215624809265,0.4899217188358307,0.07559610903263092,0.35793548822402954,-0.011248886585235596,0.003531426191329956,0.003606371581554413,0.5081833600997925,0.49413904547691345,-0.40467387437820435,0.9909327030181885,-0.0009100437164306641,-3.910064697265625e-05,-0.00028082728385925293,0.4667591452598572,0.4932302236557007,0.036878205835819244,0.36896926164627075,-0.01289317011833191,0.003932744264602661,0.00288940966129303,0.5063349008560181,0.4853375256061554,-0.35819876194000244,0.9831092357635498,-0.002140522003173828,-3.427267074584961e-05,-0.00036969780921936035,0.4723776876926422,0.483629435300827,0.06400351226329803,0.36993125081062317,-0.011537879705429077,0.0032524168491363525,0.0033054277300834656,0.523201048374176,0.4685337245464325,-0.11877532303333282,0.9997047185897827,-0.0038614869117736816,-0.0009424686431884766,0.0009028986096382141,0.48843902349472046,0.4691159427165985,0.11880186945199966,0.9987339377403259,-0.004365116357803345,-0.0003171563148498535,-0.0008938536047935486,0.5003577470779419,0.6150662899017334,-0.15122996270656586,0.9580270648002625,-0.0027017593383789062,-0.0010873675346374512,-0.005786672234535217,0.4552992284297943,0.6057718992233276,0.028305554762482643,0.7068023681640625,-0.0046999454498291016,2.2411346435546875e-05,-0.02914433367550373,0.5178731679916382,0.7780360579490662,-0.10387478768825531,0.9776434898376465,-0.0004921555519104004,-8.857250213623047e-05,-0.020263023674488068,0.49539464712142944,0.757409393787384,0.10484417527914047,0.8450672030448914,-0.015178382396697998,0.016495048999786377,-0.050835274159908295,0.529022216796875,0.8035557866096497,-0.10644257068634033,0.926156759262085,0.0004851222038269043,0.00037723779678344727,-0.021800540387630463,0.5089055299758911,0.7843672633171082,0.10713808238506317,0.8569220304489136,-0.015210628509521484,0.019846796989440918,-0.05402451753616333,0.4734753966331482,0.8128855228424072,-0.21882160007953644,0.9728826880455017,0.0007042884826660156,-0.0007064342498779297,-0.021892309188842773,0.45928215980529785,0.7889260649681091,0.02978520467877388,0.8879686594009399,-0.01715412735939026,0.002837061882019043,-0.06627030298113823
0.43857496976852417,0.21763573586940765,-0.15286794304847717,0.9996698498725891,-0.0060274600982666016,8.27014446258545e-06,-0.013211190700531006,0.4410277307033539,0.20145057141780853,-0.16975174844264984,0.9995635151863098,-0.005566269159317017,0.00032380223274230957,-0.012532666325569153,0.44371622800827026,0.20001724362373352,-0.16983646154403687,0.9997057318687439,-0.005493223667144775,0.00030434131622314453,-0.012547463178634644,0.44662174582481384,0.1984795778989792,-0.1699039191007614,0.9997762441635132,-0.005455225706100464,0.00028252601623535156,-0.012554317712783813,0.4379257559776306,0.203267440199852,-0.1340230405330658,0.9992195963859558,-0.005318135023117065,0.00027686357498168945,-0.012926533818244934,0.43815407156944275,0.20321397483348846,-0.1339862197637558,0.9989966154098511,-0.005087375640869141,0.00026658177375793457,-0.012946255505084991,0.4384402632713318,0.20300355553627014,-0.13404038548469543,0.9989134669303894,-0.0048642754554748535,0.00023242831230163574,-0.012964531779289246,0.4657793641090393,0.19805878400802612,-0.19626471400260925,0.999849259853363,-0.0049873292446136475,0.0003934800624847412,-0.006509944796562195,0.4533296525478363,0.20252719521522522,-0.030866947025060654,0.9977422952651978,-0.003607422113418579,0.00041331350803375244,-0.009715279564261436,0.45116573572158813,0.22903433442115784,-0.15857182443141937,0.9997590780258179,-0.0053896307945251465,-1.9818544387817383e-05,-0.01232929527759552,0.4471067488193512,0.23105669021606445,-0.11096049845218658,0.9989203810691833,-0.005008697509765625,0.00016953051090240479,-0.012793488800525665,0.5260007381439209,0.2563153803348541,-0.2587185502052307,0.9999970197677612,0.0006967782974243164,0.0004215538501739502,0.0054547786712646484,0.47232723236083984,0.2782670855522156,0.09763191640377045,0.9988690614700317,-0.011863768100738525,0.00199165940284729,-0.008321814239025116,0.536909818649292,0.3651078939437866,-0.3267994523048401,0.9985612630844116,-0.001416325569152832,-0.0008493959903717041,0.007621169090270996,0.47708860039711,0.37642666697502136,0.16502641141414642,0.20324496924877167,-0.00993490219116211,0.006918460130691528,0.0003748685121536255,0.5216747522354126,0.46181467175483704,-0.36608821153640747,0.9964617490768433,-0.00025218725204467773,-2.682209014892578e-07,-0.006636530160903931,0.46218428015708923,0.4654718041419983,0.08659878373146057,0.3608447015285492,-0.01499900221824646,0.0045042335987091064,0.002276510000228882,0.5204015970230103,0.49612799286842346,-0.40892305970191956,0.9914870262145996,0.0001907944679260254,-1.1086463928222656e-05,-0.00624963641166687,0.4563331604003906,0.492217093706131,0.07606476545333862,0.3521614968776703,-0.013788402080535889,0.002295374870300293,0.00046865642070770264,0.5092940926551819,0.494139164686203,-0.4172816872596741,0.9912751913070679,0.0011107325553894043,1.1920928955078125e-07,-0.012607812881469727,0.45272406935691833,0.49491703510284424,0.03687067702412605,0.36359843611717224,-0.014035075902938843,0.0016868114471435547,-7.528811693191528e-06,0.5071256160736084,0.4853472113609314,-0.3677752614021301,0.9835740327835083,0.000790715217590332,9.685754776000977e-06,-0.009576499462127686,0.45752573013305664,0.486868292093277,0.06596338003873825,0.36483970284461975,-0.014851957559585571,0.003238856792449951,0.001959867775440216,0.5234013795852661,0.4671381711959839,-0.11249376833438873,0.9997020363807678,0.0002003312110900879,-0.0013955533504486084,0.006281554698944092,0.48271679878234863,0.4676339328289032,0.11254207789897919,0.9987910389900208,-0.005722224712371826,-0.0014820098876953125,-0.006259791553020477,0.5007826089859009,0.6149575114250183,-0.15516886115074158,0.961268961429596,0.0004248619079589844,-0.00010877847671508789,-0.00393889844417572,0.44541820883750916,0.6059812903404236,0.002668832428753376,0.7297021746635437,-0.009881019592285156,0.00020939111709594727,-0.025636722333729267,0.5183830857276917,0.7766757607460022,-0.10273095220327377,0.9792256355285645,0.0005099177360534668,-0.0013602972030639648,0.0011438354849815369,0.4697425365447998,0.7543683648109436,0.09689189493656158,0.8560135960578918,-0.02565211057662964,-0.0030410289764404297,-0.007952280342578888,0.5294244885444641,0.8033680319786072,-0.10508634150028229,0.9270324110984802,0.00040227174758911133,-0.00018775463104248047,0.0013562291860580444,0.4864453375339508,0.7806907892227173,0.10006419569253922,0.8624946475028992,-0.022460192441940308,-0.003676474094390869,-0.007073886692523956,0.4738160967826843,0.8127886652946472,-0.2280268371105194,0.9744748473167419,0.0003407001495361328,-9.685754776000977e-05,-0.009205237030982971,0.43004482984542847,0.7892786860466003,0.014663306064903736,0.8952109217643738,-0.029237329959869385,0.00035262107849121094,-0.015121898613870144
0.43346691131591797,0.21737870573997498,-0.16299211978912354,0.999693751335144,-0.005108058452606201,-0.0002570301294326782,-0.010124176740646362,0.43617042899131775,0.20129528641700745,-0.17878738045692444,0.9995889067649841,-0.004857301712036133,-0.00015528500080108643,-0.009035632014274597,0.43890008330345154,0.19974017143249512,-0.17887024581432343,0.9997230768203735,-0.004816144704818726,-0.0002770721912384033,-0.00903378427028656,0.4418339729309082,0.19807855784893036,-0.1789243072271347,0.9997888803482056,-0.00478777289390564,-0.0004010200500488281,-0.009020388126373291,0.4324929714202881,0.20339247584342957,-0.14315572381019592,0.9992672801017761,-0.005432784557342529,0.00012503564357757568,-0.009132683277130127,0.43245917558670044,0.20341427624225616,-0.1431189775466919,0.9990619421005249,-0.00569489598274231,0.0002003014087677002,-0.009132757782936096,0.4324515759944916,0.2032613456249237,-0.14316442608833313,0.9989820718765259,-0.00598868727684021,0.00025779008865356445,-0.009124040603637695,0.46076732873916626,0.1980634480714798,-0.19677852094173431,0.9998583793640137,-0.005012035369873047,4.664063453674316e-06,-0.000513806939125061,0.4454413950443268,0.2030206322669983,-0.03162151947617531,0.9978836178779602,-0.007888257503509521,0.0004934370517730713,-0.0007545724511146545,0.446382611989975,0.22861875593662262,-0.16558513045310974,0.9997759461402893,-0.004783123731613159,-0.0004155784845352173,-0.007013306021690369,0.44131073355674744,0.23094816505908966,-0.11795371770858765,0.9989940524101257,-0.00579601526260376,-0.00010852515697479248,-0.006993219256401062,0.5224035382270813,0.2565902769565582,-0.25567835569381714,0.9999971985816956,-0.0035971999168395996,0.00027489662170410156,0.0030401945114135742,0.4658346176147461,0.2806435823440552,0.10195136070251465,0.9989199042320251,-0.00649261474609375,0.0023764967918395996,0.004319444298744202,0.5344359874725342,0.36448511481285095,-0.3111693561077118,0.9986485242843628,-0.0024738311767578125,-0.0006227791309356689,0.015630096197128296,0.471072256565094,0.38160136342048645,0.18192629516124725,0.19945316016674042,-0.006016343832015991,0.005174696445465088,0.01689988374710083,0.5200082063674927,0.46181899309158325,-0.3574915826320648,0.9966787695884705,-0.0016665458679199219,4.32133674621582e-06,0.008596628904342651,0.45169758796691895,0.4665433168411255,0.09090618789196014,0.37632617354393005,-0.010486692190170288,0.0010715126991271973,0.004307404160499573,0.5196498036384583,0.4963255226612091,-0.4004855155944824,0.9919456243515015,-0.000751793384552002,0.00019752979278564453,0.008437544107437134,0.443320095539093,0.49247676134109497,0.07789924740791321,0.3642192482948303,-0.013013064861297607,0.00025966763496398926,0.001834481954574585,0.5080975294113159,0.49440282583236694,-0.41112035512924194,0.9917435646057129,-0.0011965632438659668,0.00026366114616394043,0.006161332130432129,0.44139808416366577,0.49494320154190063,0.03675103560090065,0.37645214796066284,-0.011325985193252563,2.6166439056396484e-05,-0.00011964142322540283,0.5053859353065491,0.48567941784858704,-0.35962632298469543,0.9843336343765259,-0.0017396807670593262,0.00033220648765563965,0.008148938417434692,0.445927232503891,0.4873245358467102,0.06891314685344696,0.3768801987171173,-0.01159849762916565,0.00045624375343322754,0.0029497668147087097,0.5201410055160522,0.46717408299446106,-0.11032293736934662,0.9997058510780334,-0.003260374069213867,3.591179847717285e-05,0.0021708309650421143,0.47836393117904663,0.4673306345939636,0.1103808656334877,0.9988568425178528,-0.004352867603302002,-0.0003032982349395752,-0.0021612122654914856,0.4993964731693268,0.6176931858062744,-0.14999701082706451,0.9645565152168274,-0.0013861358165740967,0.0027356743812561035,0.005171850323677063,0.4394603371620178,0.6087153553962708,0.022696619853377342,0.7540079355239868,-0.005957871675491333,0.002734065055847168,0.020027787424623966,0.5177273154258728,0.7766461968421936,-0.08178440481424332,0.9809080362319946,-0.0006557703018188477,-2.956390380859375e-05,0.020946547389030457,0.4572984576225281,0.7544740438461304,0.12068863958120346,0.8681908249855042,-0.012444078922271729,0.00010567903518676758,0.023796744644641876,0.5288580656051636,0.8032169938087463,-0.08378289639949799,0.9282975196838379,-0.0005664229393005371,-0.00015103816986083984,0.021303445100784302,0.473686546087265,0.7828813791275024,0.1243320107460022,0.8704574704170227,-0.012758791446685791,0.0021905899047851562,0.024267815053462982,0.4743160307407379,0.8126269578933716,-0.21974246203899384,0.9762335419654846,0.0004999339580535889,-0.00016170740127563477,0.008284375071525574,0.40963608026504517,0.7893391251564026,0.04061896726489067,0.9032964110374451,-0.0204087495803833,6.0439109802246094e-05,0.025955661199986935
0.4257391393184662,0.21735772490501404,-0.13470938801765442,0.9997196793556213,-0.007727771997451782,-2.09808349609375e-05,0.028282731771469116,0.42807936668395996,0.20092512667179108,-0.15225811302661896,0.9996204376220703,-0.008091062307357788,-0.00037015974521636963,0.02652926743030548,0.43051019310951233,0.19929392635822296,-0.15232563018798828,0.9997443556785583,-0.008389890193939209,-0.00044624507427215576,0.026544615626335144,0.4331584870815277,0.19752338528633118,-0.15233519673347473,0.9998046159744263,-0.008675485849380493,-0.0005551725625991821,0.026589110493659973,0.4257361888885498,0.20303013920783997,-0.11561517417430878,0.99932461977005,-0.006756782531738281,-0.0003623366355895996,0.027540549635887146,0.4263067841529846,0.20299838483333588,-0.1155671700835228,0.9991384148597717,-0.00615239143371582,-0.0004158914089202881,0.027551807463169098,0.4269128739833832,0.20278440415859222,-0.11560431867837906,0.9990637302398682,-0.0055387020111083984,-0.00047694146633148193,0.02756010740995407,0.4518452286720276,0.19728167355060577,-0.17947983741760254,0.9998688101768494,-0.008922100067138672,-0.0007817745208740234,0.017298683524131775,0.44147735834121704,0.2024119645357132,-0.00976764690130949,0.9980489015579224,-0.003964036703109741,-0.0006086677312850952,0.021853872574865818,0.43902498483657837,0.22829166054725647,-0.1415369212627411,0.999794065952301,-0.0073576271533966064,-0.0003270953893661499,0.024048209190368652,0.43550100922584534,0.23072989284992218,-0.0924856886267662,0.9990748763084412,-0.0058097243309021,-0.00021827220916748047,0.02546802908182144,0.516727089881897,0.2565400004386902,-0.23355939984321594,0.9999973773956299,-0.005676448345184326,-5.027651786804199e-05,0.022118955850601196,0.45938000082969666,0.2834467887878418,0.1158972978591919,0.9989836812019348,-0.0064546167850494385,0.002803206443786621,0.013945937156677246,0.5316004157066345,0.36413949728012085,-0.2952210605144501,0.998719334602356,-0.002835571765899658,-0.00034561753273010254,0.01594829559326172,0.4638218283653259,0.3831976652145386,0.19984981417655945,0.19885636866092682,-0.007250428199768066,0.001596301794052124,0.017923519015312195,0.5188690423965454,0.4620967209339142,-0.35350722074508667,0.9968621134757996,-0.0011391639709472656,0.0002777278423309326,0.003984361886978149,0.4427902102470398,0.4672149419784546,0.11381254345178604,0.3957326114177704,-0.00890737771987915,0.0006716251373291016,0.022906355559825897,0.518589198589325,0.496319979429245,-0.3961524963378906,0.9923328757286072,-0.0010606050491333008,-5.543231964111328e-06,0.004333019256591797,0.4360570013523102,0.4927826523780823,0.10176584869623184,0.38010644912719727,-0.007263094186782837,0.0003058910369873047,0.023866601288318634,0.5074844360351562,0.49442628026008606,-0.40646442770957947,0.9921406507492065,-0.000613093376159668,2.345442771911621e-05,0.004655927419662476,0.43470993638038635,0.49494650959968567,0.059869080781936646,0.39304399490356445,-0.006688147783279419,3.3080577850341797e-06,0.023118045181035995,0.5053972601890564,0.4857611358165741,-0.35553261637687683,0.9849849939346313,1.1324882507324219e-05,8.171796798706055e-05,0.0040937066078186035,0.43839067220687866,0.48734763264656067,0.09236887842416763,0.3913189470767975,-0.007536560297012329,2.3096799850463867e-05,0.023455731570720673,0.5151258111000061,0.46719446778297424,-0.10855014622211456,0.9997124671936035,-0.005015194416046143,2.0384788513183594e-05,0.0017727911472320557,0.4715979993343353,0.4671025276184082,0.10856851190328598,0.9989238381385803,-0.006765931844711304,-0.00022810697555541992,-0.0018123537302017212,0.4965395927429199,0.6182013154029846,-0.1346408873796463,0.9675259590148926,-0.0028568804264068604,0.0005081295967102051,0.015356123447418213,0.4356875419616699,0.6108505129814148,0.033994272351264954,0.7760570049285889,-0.0037727952003479004,0.002135157585144043,0.011297652497887611,0.5181282758712769,0.7765504121780396,-0.06569267809391022,0.9824422001838684,0.00040096044540405273,-9.578466415405273e-05,0.0160917267203331,0.4445984363555908,0.7543697953224182,0.13929806649684906,0.8796442747116089,-0.012700021266937256,-0.0001042485237121582,0.0186094269156456,0.5292287468910217,0.8046644330024719,-0.06754224747419357,0.9295963048934937,0.0003706812858581543,0.001447439193725586,0.016240648925304413,0.45688900351524353,0.7817055583000183,0.14133021235466003,0.8782620429992676,-0.016797542572021484,-0.0011758208274841309,0.016998201608657837,0.4742085933685303,0.8131437301635742,-0.2026153802871704,0.9779308438301086,-0.0001074373722076416,0.0005167722702026367,0.017127081751823425,0.3980378210544586,0.7916632294654846,0.05939282104372978,0.9111719131469727,-0.011598259210586548,0.0023241043090820312,0.01877385377883911
0.41879087686538696,0.21660704910755157,-0.13365449011325836,0.9997432827949524,-0.006948262453079224,-0.0007506757974624634,0.0010548979043960571,0.4215434491634369,0.19938381016254425,-0.1521420180797577,0.9996486902236938,-0.006535917520523071,-0.0015413165092468262,0.00011609494686126709,0.4241318702697754,0.19791841506958008,-0.15220582485198975,0.9997631311416626,-0.0063783228397369385,-0.0013755112886428833,0.00011980533599853516,0.4270009994506836,0.19627287983894348,-0.15221278369426727,0.9998183250427246,-0.006157487630844116,-0.0012505054473876953,0.0001224130392074585,0.4194137454032898,0.20125272870063782,-0.11532612144947052,0.9993773102760315,-0.00632244348526001,-0.0017774105072021484,0.00028905272483825684,0.4202927052974701,0.20119290053844452,-0.11527959257364273,0.9992087483406067,-0.006014078855514526,-0.0018054842948913574,0.0002875775098800659,0.4212999939918518,0.20096133649349213,-0.11531712859869003,0.9991388916969299,-0.005612879991531372,-0.0018230676651000977,0.0002871900796890259,0.4463285505771637,0.19623813033103943,-0.18351081013679504,0.9998779892921448,-0.005516678094863892,-0.0010435432195663452,-0.004030972719192505,0.4380069673061371,0.2011023312807083,-0.01137071568518877,0.9982041120529175,-0.003470391035079956,-0.0013096332550048828,-0.00160306878387928,0.43203696608543396,0.22796019911766052,-0.14151401817798615,0.9998106956481934,-0.006988018751144409,-0.00033146142959594727,2.2903084754943848e-05,0.4289136826992035,0.23005150258541107,-0.09232617914676666,0.9991502165794373,-0.006587326526641846,-0.0006783902645111084,0.00015950947999954224,0.5146083831787109,0.25670403242111206,-0.2357374131679535,0.9999974966049194,-0.002118706703186035,0.000164031982421875,-0.002178013324737549,0.45364347100257874,0.2846391797065735,0.1113496646285057,0.9990572929382324,-0.00573652982711792,0.0011923909187316895,-0.004547633230686188,0.5293658375740051,0.3639270067214966,-0.29516837000846863,0.9987738132476807,-0.0022345781326293945,-0.00021249055862426758,5.269050598144531e-05,0.456622451543808,0.38535672426223755,0.1946132481098175,0.2041008025407791,-0.007199376821517944,0.0021590590476989746,-0.005236566066741943,0.518685519695282,0.4645233154296875,-0.3516322374343872,0.9970279932022095,-0.00018352270126342773,0.0024265944957733154,0.0018749833106994629,0.4338427484035492,0.4697836935520172,0.11456309258937836,0.42388245463371277,-0.0089474618434906,0.002568751573562622,0.0007505491375923157,0.5188027024269104,0.49726608395576477,-0.3944966197013855,0.9926876425743103,0.00021350383758544922,0.0009461045265197754,0.001655876636505127,0.4273827075958252,0.495229572057724,0.10464505851268768,0.40394356846809387,-0.008674293756484985,0.0024469196796417236,0.002879209816455841,0.508798360824585,0.49492496252059937,-0.40346431732177734,0.9925051331520081,0.001313924789428711,0.0004986822605133057,0.003000110387802124,0.4262746274471283,0.4955942928791046,0.0622577890753746,0.4175713062286377,-0.008435308933258057,0.0006477832794189453,0.0023887082934379578,0.5068488717079163,0.48614490032196045,-0.35320141911506653,0.9855961799621582,0.0014516115188598633,0.00038376450538635254,0.0023311972618103027,0.4293343126773834,0.48816007375717163,0.0933150202035904,0.41375306248664856,-0.00905635952949524,0.0008124411106109619,0.00094614177942276,0.5126000642776489,0.4686111509799957,-0.1051601991057396,0.9997129440307617,-0.0025257468223571777,0.0014166831970214844,0.0033899471163749695,0.4677372872829437,0.4673219919204712,0.10514213889837265,0.9989855289459229,-0.0038607120513916016,0.00021946430206298828,-0.00342637300491333,0.4963206350803375,0.621936023235321,-0.11398319154977798,0.9702856540679932,-0.00021895766258239746,0.0037347078323364258,0.020657695829868317,0.42986804246902466,0.6149787902832031,0.08018802106380463,0.7966514229774475,-0.005819499492645264,0.00412827730178833,0.04619374871253967,0.5173594951629639,0.7766626477241516,-0.02842259407043457,0.9838396310806274,-0.0007687807083129883,0.00011223554611206055,0.03727008402347565,0.4320751130580902,0.7566115856170654,0.18946492671966553,0.89040607213974,-0.01252332329750061,0.002241790294647217,0.05016686022281647,0.5295130014419556,0.8062219023704529,-0.02870214357972145,0.9306630492210388,0.0002842545509338379,0.001557469367980957,0.03884010389447212,0.4431864321231842,0.7804187536239624,0.19327324628829956,0.8859850764274597,-0.013702571392059326,-0.0012868046760559082,0.051943033933639526,0.4742819666862488,0.8130978345870972,-0.15995164215564728,0.9794421195983887,7.337331771850586e-05,-4.589557647705078e-05,0.04266373813152313,0.38695886731147766,0.7933399081230164,0.1124589666724205,0.9185283184051514,-0.011078953742980957,0.0016766786575317383,0.05306614562869072
0.415109246969223,0.21680863201618195,-0.18199989199638367,0.9997645616531372,-0.0036816298961639404,0.0002015829086303711,-0.048345401883125305,0.41733065247535706,0.19967447221279144,-0.19806396961212158,0.9996740221977234,-0.004212796688079834,0.0002906620502471924,-0.04592195153236389,0.42015933990478516,0.19810238480567932,-0.19811184704303741,0.999779999256134,-0.003972530364990234,0.00018396973609924316,-0.04590602219104767,0.4232291281223297,0.1963597983121872,-0.19813571870326996,0.999830424785614,-0.003771871328353882,8.691847324371338e-05,-0.045922935009002686,0.4144023060798645,0.20166903734207153,-0.1638689935207367,0.9994237422943115,-0.005011439323425293,0.0004163086414337158,-0.048542872071266174,0.41494879126548767,0.20161303877830505,-0.16384083032608032,0.9992716908454895,-0.005343914031982422,0.00042013823986053467,-0.04856123775243759,0.41559720039367676,0.2014034539461136,-0.16386035084724426,0.9992061257362366,-0.005702793598175049,0.00044211745262145996,-0.04854322224855423,0.441789448261261,0.19589421153068542,-0.21605558693408966,0.9998857378959656,-0.00453910231590271,-0.0003439188003540039,-0.03254477679729462,0.4299023151397705,0.20145806670188904,-0.05580439046025276,0.9983360171318054,-0.008104652166366577,0.0003557354211807251,-0.04443367477506399,0.42866435647010803,0.22814373672008514,-0.1847608983516693,0.999826192855835,-0.0033726096153259277,0.00018353760242462158,-0.043246880173683167,0.4251273274421692,0.23026753962039948,-0.1386258900165558,0.9992198944091797,-0.0037863552570343018,0.00021603703498840332,-0.046299710869789124,0.5114365816116333,0.2570033073425293,-0.23985473811626434,0.9999975562095642,-0.0031718015670776367,0.00029927492141723633,-0.004117324948310852,0.44051995873451233,0.28527867794036865,0.06666837632656097,0.9991247653961182,-0.013123512268066406,0.000639498233795166,-0.04468128830194473,0.5273091197013855,0.3642388880252838,-0.2768641412258148,0.9988164305686951,-0.002056717872619629,0.00031188130378723145,0.01830422878265381,0.4411272406578064,0.3887433707714081,0.15724700689315796,0.22750499844551086,-0.015495210886001587,0.0033866465091705322,-0.037366241216659546,0.5192877054214478,0.46635758876800537,-0.3263722062110901,0.9971133470535278,0.0006021857261657715,0.001834273338317871,0.02526003122329712,0.42084306478500366,0.4737946689128876,0.07208697497844696,0.4613824486732483,-0.012999683618545532,0.004010975360870361,-0.042476117610931396,0.519311249256134,0.4978405237197876,-0.36685842275619507,0.9928374290466309,0.0005085468292236328,0.0005744397640228271,0.02763819694519043,0.4158349931240082,0.4995930790901184,0.05749549716711044,0.43727999925613403,-0.011547714471817017,0.004363507032394409,-0.04714956134557724,0.5101428627967834,0.4957756996154785,-0.38678303360939026,0.9926854968070984,0.0013445019721984863,0.0008507370948791504,0.016681283712387085,0.4158080220222473,0.49934008717536926,0.012790268287062645,0.45131343603134155,-0.010466605424880981,0.0037457942962646484,-0.04946752078831196,0.508294403553009,0.48657360672950745,-0.33249813318252563,0.9859359860420227,0.0014455318450927734,0.00042870640754699707,0.020703285932540894,0.4191376268863678,0.4919748604297638,0.05027160793542862,0.44548124074935913,-0.010196685791015625,0.003814786672592163,-0.043043412268161774,0.5084925293922424,0.4688415229320526,-0.0981610119342804,0.9997110962867737,-0.004107534885406494,0.00023037195205688477,0.006999187171459198,0.46133551001548767,0.46736326813697815,0.09815485775470734,0.9990336894989014,-0.006401777267456055,4.127621650695801e-05,-0.006987281143665314,0.49649161100387573,0.62221759557724,-0.10146142542362213,0.9728102087974548,0.000170975923538208,0.0002815723419189453,0.012521766126155853,0.43006595969200134,0.616260290145874,0.1195286363363266,0.8146763443946838,0.00019791722297668457,0.0012814998626708984,0.03934061527252197,0.516853928565979,0.7766417264938354,-0.01060109119862318,0.9850972890853882,-0.0005055665969848633,-2.092123031616211e-05,0.01782150287181139,0.4246653616428375,0.7572860717773438,0.23886914551258087,0.9000952243804932,-0.0074097514152526855,0.0006744861602783203,0.049404218792915344,0.5293821096420288,0.8061662316322327,-0.010850333608686924,0.9297655820846558,-0.0001308917999267578,-5.5670738220214844e-05,0.017851809971034527,0.4352332651615143,0.7792564034461975,0.24354448914527893,0.8918913006782532,-0.007953166961669922,-0.0011623501777648926,0.05027124285697937,0.47414693236351013,0.8123850226402283,-0.15071627497673035,0.9807611703872681,-0.00013503432273864746,-0.0007128119468688965,0.009235367178916931,0.385068416595459,0.7940118312835693,0.15262910723686218,0.9252325296401978,-0.0018904507160186768,0.0006719231605529785,0.04017014056444168
0.40804630517959595,0.21985633671283722,-0.1804734170436859,0.9997824430465698,-0.007062941789627075,0.0030477046966552734,0.001526474952697754,0.4094424247741699,0.2033298909664154,-0.19858214259147644,0.9996942281723022,-0.007888227701187134,0.0036554187536239624,-0.0005181729793548584,0.41197818517684937,0.20143230259418488,-0.19861580431461334,0.9997928738594055,-0.008181154727935791,0.003329917788505554,-0.0005039572715759277,0.41477108001708984,0.19920849800109863,-0.1986372172832489,0.9998392462730408,-0.008458048105239868,0.002848699688911438,-0.0005014985799789429,0.40734028816223145,0.20524169504642487,-0.162949338555336,0.9994621872901917,-0.007062017917633057,0.0035726577043533325,0.0009196549654006958,0.4081650674343109,0.20485231280326843,-0.16292376816272736,0.9993255734443665,-0.006783723831176758,0.003239274024963379,0.0009170621633529663,0.4091108739376068,0.20423583686351776,-0.16294141113758087,0.9992650151252747,-0.006486326456069946,0.002832382917404175,0.0009189397096633911,0.4332534372806549,0.1962628811597824,-0.22474554181098938,0.9998905062675476,-0.008536010980606079,0.00036866962909698486,-0.00868995487689972,0.4245772957801819,0.20210248231887817,-0.05858127027750015,0.9984511137008667,-0.005325019359588623,0.0006444156169891357,-0.0027768798172473907,0.4217454791069031,0.22974014282226562,-0.18614588677883148,0.9998390674591064,-0.006918877363204956,0.001596406102180481,-0.0013849884271621704,0.41907238960266113,0.2324385792016983,-0.13823306560516357,0.9992809295654297,-0.006054937839508057,0.002171039581298828,0.0003928244113922119,0.5069952607154846,0.2571200430393219,-0.2472587525844574,0.999997615814209,-0.004441320896148682,0.00011673569679260254,-0.007404014468193054,0.43336382508277893,0.28814202547073364,0.060979656875133514,0.9991960525512695,-0.0071561336517333984,0.0028633475303649902,-0.00568871945142746,0.52647465467453,0.36417582631111145,-0.2838633060455322,0.9988476037979126,-0.0008344650268554688,-6.306171417236328e-05,-0.006999164819717407,0.4330607056617737,0.3954472839832306,0.15157511830329895,0.2536545395851135,-0.008066534996032715,0.00670391321182251,-0.005671888589859009,0.5207604169845581,0.46709659695625305,-0.32921966910362244,0.9971421360969543,0.0014727115631103516,0.0007390081882476807,-0.0028474628925323486,0.41243767738342285,0.4820230305194855,0.0719761922955513,0.4953906834125519,-0.00840538740158081,0.0082283616065979,-0.0001107826828956604,0.5207917094230652,0.49783000349998474,-0.3710710108280182,0.9928303956985474,0.0014804601669311523,-1.0520219802856445e-05,-0.00421258807182312,0.40685519576072693,0.5077076554298401,0.05989726632833481,0.4663192331790924,-0.00897979736328125,0.00811457633972168,0.0024017691612243652,0.5112493634223938,0.49585968255996704,-0.3912023603916168,0.9927060604095459,0.0011065006256103516,8.398294448852539e-05,-0.0044193267822265625,0.4068235456943512,0.5075981020927429,0.015176111832261086,0.48078227043151855,-0.008984476327896118,0.008258014917373657,0.0023858435451984406,0.5095833539962769,0.4867522120475769,-0.33540284633636475,0.9859549403190613,0.0012889504432678223,0.000178605318069458,-0.0029047131538391113,0.4104275703430176,0.4999579191207886,0.05032051354646683,0.4734807014465332,-0.00871005654335022,0.00798305869102478,4.890561103820801e-05,0.5047200918197632,0.4694708287715912,-0.09617915004491806,0.9997036457061768,-0.003772437572479248,0.0006293058395385742,0.001981861889362335,0.457965224981308,0.46833592653274536,0.09617771208286285,0.9990765452384949,-0.0033702850341796875,0.0009726583957672119,-0.0019771456718444824,0.4963971674442291,0.6236521601676941,-0.09403619170188904,0.9750694632530212,-9.444355964660645e-05,0.0014345645904541016,0.007425233721733093,0.4264986515045166,0.6187021732330322,0.11980970948934555,0.8307353854179382,-0.003567308187484741,0.002441883087158203,0.0002810731530189514,0.5168295502662659,0.7766295671463013,0.001844068057835102,0.986191987991333,-2.4378299713134766e-05,-1.2159347534179688e-05,0.012445159256458282,0.4180936813354492,0.7579061985015869,0.23366351425647736,0.9087432622909546,-0.006571680307388306,0.0006201267242431641,-0.005205631256103516,0.5293832421302795,0.8066718578338623,0.0022862497717142105,0.9281694889068604,1.1324882507324219e-06,0.0005056262016296387,0.013136583380401134,0.4297599196434021,0.7781574726104736,0.237746000289917,0.8966825008392334,-0.005473345518112183,-0.001098930835723877,-0.0057984888553619385,0.4735450744628906,0.8123183846473694,-0.13543298840522766,0.9818424582481384,-0.0006018579006195068,-6.663799285888672e-05,0.015283286571502686,0.3834990859031677,0.7949466109275818,0.14617317914962769,0.9311211705207825,-0.0015693306922912598,0.0009347796440124512,-0.006455928087234497
0.40370410680770874,0.22155804932117462,-0.2028457224369049,0.9998001456260681,-0.004342198371887207,0.0017017126083374023,-0.022372305393218994,0.40548175573349,0.20466063916683197,-0.22022895514965057,0.9997153282165527,-0.003960669040679932,0.001330748200416565,-0.021646812558174133,0.40812110900878906,0.20272813737392426,-0.2202490270137787,0.9998067617416382,-0.0038570761680603027,0.0012958347797393799,-0.021633222699165344,0.41082996129989624,0.20052285492420197,-0.22026264667510986,0.9998491406440735,-0.0039411187171936035,0.0013143569231033325,-0.021625429391860962,0.40281543135643005,0.20688268542289734,-0.18696051836013794,0.9995023608207703,-0.004524856805801392,0.0016409903764724731,-0.02401117980480194,0.40342941880226135,0.206610769033432,-0.1869475394487381,0.999379575252533,-0.0047356486320495605,0.0017584562301635742,-0.024023771286010742,0.40410804748535156,0.2061164677143097,-0.18696878850460052,0.9993230104446411,-0.005002826452255249,0.0018806308507919312,-0.024027377367019653,0.4282747209072113,0.1983678787946701,-0.23931756615638733,0.9998962879180908,-0.0049787163734436035,0.0021049976348876953,-0.01457202434539795,0.4179931581020355,0.2047608494758606,-0.08439581096172333,0.9985681772232056,-0.006584137678146362,0.002658367156982422,-0.025814540684223175,0.41732215881347656,0.23113970458507538,-0.20557554066181183,0.9998513460159302,-0.004423320293426514,0.0013995617628097534,-0.019429653882980347,0.4139169156551361,0.2341579645872116,-0.16085872054100037,0.9993382096290588,-0.005155473947525024,0.0017193853855133057,-0.022625654935836792,0.50238436460495,0.258049875497818,-0.25473275780677795,0.999997615814209,-0.004610896110534668,0.0009298324584960938,-0.007474005222320557,0.42455095052719116,0.29072290658950806,0.038280121982097626,0.9992603659629822,-0.008812874555587769,0.002580881118774414,-0.02269953489303589,0.5226355195045471,0.3644663095474243,-0.2810210883617401,0.9988741874694824,-0.00383913516998291,0.0002904832363128662,0.0028422176837921143,0.42543429136276245,0.3963044285774231,0.1343955248594284,0.28086501359939575,-0.0076264142990112305,0.0008571445941925049,-0.017179593443870544,0.5210844278335571,0.4691534638404846,-0.32092416286468506,0.9971522092819214,0.00032401084899902344,0.0020568668842315674,0.008295506238937378,0.4042971134185791,0.4834672510623932,0.0644545704126358,0.5292661190032959,-0.00814056396484375,0.0014442205429077148,-0.007521621882915497,0.5216821432113647,0.49909278750419617,-0.35746243596076965,0.9927784204483032,0.0008904337882995605,0.0012627840042114258,0.013608574867248535,0.39840373396873474,0.5091680288314819,0.05416414141654968,0.4963083863258362,-0.008451461791992188,0.0014603734016418457,-0.005733124911785126,0.5119951963424683,0.4972344636917114,-0.37757205963134766,0.9926738739013672,0.0007458329200744629,0.0013747811317443848,0.013630300760269165,0.39745187759399414,0.5095053315162659,0.009609420783817768,0.5110324025154114,-0.009371668100357056,0.0019072294235229492,-0.005566691048443317,0.5103500485420227,0.4886096119880676,-0.3269036114215851,0.9859464764595032,0.0007666945457458496,0.0018573999404907227,0.008499234914779663,0.4015210270881653,0.5024479627609253,0.04333385080099106,0.5022394061088562,-0.008906543254852295,0.0024900436401367188,-0.006986662745475769,0.5016717910766602,0.47050169110298157,-0.09059222042560577,0.9996922016143799,-0.0030483007431030273,0.0010308623313903809,0.005586929619312286,0.4547695517539978,0.46946483850479126,0.09058862924575806,0.9991101026535034,-0.0031956732273101807,0.0011289119720458984,-0.005589082837104797,0.49543291330337524,0.623573362827301,-0.09437314420938492,0.9771377444267273,-0.0009642541408538818,-7.87973403930664e-05,-0.0003369525074958801,0.42525243759155273,0.6190271973609924,0.11102274805307388,0.8456671237945557,-0.0012462139129638672,0.0003250241279602051,-0.008786961436271667,0.516634464263916,0.7759683132171631,-0.0025432538241147995,0.9872211217880249,-0.00019508600234985352,-0.0006612539291381836,-0.004387321881949902,0.4173501133918762,0.7586202621459961,0.22794118523597717,0.9166641235351562,-0.000743567943572998,0.0007140636444091797,-0.005722329020500183,0.529488742351532,0.8054180145263672,-0.002563000423833728,0.9268180131912231,0.0001055002212524414,-0.0012538433074951172,-0.004849250195547938,0.4291377067565918,0.778583288192749,0.23261192440986633,0.9009108543395996,-0.0006222128868103027,0.0004258155822753906,-0.005134075880050659,0.47424283623695374,0.8111532926559448,-0.1379505693912506,0.9828780293464661,0.0006977617740631104,-0.0011650919914245605,-0.0025175809860229492,0.3835403323173523,0.795378565788269,0.14356812834739685,0.9364676475524902,4.124641418457031e-05,0.00043195486068725586,-0.002605050802230835
0.3974856436252594,0.22863702476024628,-0.1988680064678192,0.9998151659965515,-0.006218463182449341,0.007078975439071655,0.003977715969085693,0.3987618088722229,0.21222002804279327,-0.21614038944244385,0.9997328519821167,-0.00671994686126709,0.007559388875961304,0.004088565707206726,0.40138229727745056,0.21009324491024017,-0.21617360413074493,0.9998180866241455,-0.006738811731338501,0.007365107536315918,0.0040754228830337524,0.4040144383907318,0.20767055451869965,-0.21619871258735657,0.9998571276664734,-0.006815522909164429,0.007147699594497681,0.004063934087753296,0.3961878716945648,0.21440023183822632,-0.18138596415519714,0.9995357990264893,-0.006627559661865234,0.0075175464153289795,0.005574554204940796,0.3967403769493103,0.21396583318710327,-0.1813635677099228,0.9994248747825623,-0.00668904185295105,0.007355064153671265,0.005583971738815308,0.3974509835243225,0.2132565677165985,-0.18138131499290466,0.9993723630905151,-0.006657063961029053,0.007140100002288818,0.005587473511695862,0.4208131730556488,0.20400622487068176,-0.23487015068531036,0.999900758266449,-0.0074615478515625,0.005638346076011658,0.004447415471076965,0.4116035997867584,0.21066708862781525,-0.07298749685287476,0.9986671209335327,-0.0063895583152771,0.005906239151954651,0.011408314108848572,0.4115915894508362,0.23689962923526764,-0.20157210528850555,0.9998619556427002,-0.005730569362640381,0.005759924650192261,0.004003435373306274,0.40824323892593384,0.24030610918998718,-0.15481559932231903,0.9993883967399597,-0.0056736767292022705,0.006148144602775574,0.0060431212186813354,0.49648958444595337,0.2594854235649109,-0.25310999155044556,0.9999976754188538,-0.005894780158996582,0.0014355480670928955,0.0016227662563323975,0.4198076128959656,0.2960585355758667,0.05112813785672188,0.9993196725845337,-0.004743337631225586,0.005335628986358643,0.012848015874624252,0.5200361609458923,0.3646639287471771,-0.27878624200820923,0.9988803863525391,-0.002599358558654785,0.00019761919975280762,0.002234846353530884,0.4157407879829407,0.39963170886039734,0.14522087574005127,0.3090185523033142,-0.009693503379821777,0.003327280282974243,0.010825350880622864,0.5211247205734253,0.46908894181251526,-0.3253679871559143,0.997046172618866,4.029273986816406e-05,-6.452202796936035e-05,-0.004443824291229248,0.39421114325523376,0.48742562532424927,0.06945910304784775,0.5595264434814453,-0.010085970163345337,0.003958374261856079,0.005004532635211945,0.521965503692627,0.4990522563457489,-0.36367037892341614,0.9924418926239014,0.00028336048126220703,-4.0531158447265625e-05,-0.006207942962646484,0.388687402009964,0.514546275138855,0.058525871485471725,0.5220473408699036,-0.009716331958770752,0.005378246307373047,0.004361730068922043,0.5124393701553345,0.4972093999385834,-0.38058778643608093,0.9923649430274963,0.00044417381286621094,-2.5063753128051758e-05,-0.0030157268047332764,0.3881700038909912,0.5138254165649414,0.013531625270843506,0.5371677875518799,-0.00928187370300293,0.004320085048675537,0.003922204487025738,0.5108470916748047,0.4886718988418579,-0.33063918352127075,0.9854068160057068,0.0004970431327819824,6.22868537902832e-05,-0.003735572099685669,0.3919435143470764,0.5063626170158386,0.047889191657304764,0.5273663997650146,-0.009577512741088867,0.00391465425491333,0.0045553408563137054,0.49593019485473633,0.4725571274757385,-0.09081731736660004,0.9996987581253052,-0.005741596221923828,0.002055436372756958,-0.0002250969409942627,0.4477676451206207,0.47302910685539246,0.09084068238735199,0.9991592764854431,-0.007001906633377075,0.0035642683506011963,0.0002520531415939331,0.49420833587646484,0.6243377923965454,-0.10063296556472778,0.9790522456169128,-0.0012245774269104004,0.0007644295692443848,-0.006259821355342865,0.42262130975723267,0.6200437545776367,0.1266959309577942,0.8593121767044067,-0.0026311278343200684,0.0010165572166442871,0.015673182904720306,0.5165552496910095,0.7758728861808777,-0.012489200569689274,0.9881993532180786,-7.921457290649414e-05,-9.542703628540039e-05,-0.009945946745574474,0.41636037826538086,0.758750855922699,0.2560179531574249,0.9239208102226257,-0.0009897351264953613,0.00013059377670288086,0.028076767921447754,0.529542863368988,0.8047935962677002,-0.013006329536437988,0.9268470406532288,5.412101745605469e-05,-0.0006244182586669922,-0.01044332911260426,0.4272824823856354,0.7781647443771362,0.26166167855262756,0.9055089354515076,-0.001855224370956421,-0.00041854381561279297,0.02904975414276123,0.474251925945282,0.8109553456306458,-0.15349087119102478,0.9839465022087097,9.08970832824707e-06,-0.00019794702529907227,-0.01554030179977417,0.3832605183124542,0.7957251667976379,0.1700011044740677,0.9415283799171448,-0.0002798140048980713,0.0003466010093688965,0.026432976126670837
0.3957451581954956,0.24048088490962982,-0.19637933373451233,0.9998294711112976,-0.001740485429763794,0.011843860149383545,0.0024886727333068848,0.39690226316452026,0.22394366562366486,-0.21213631331920624,0.9997492432594299,-0.0018595457077026367,0.011723637580871582,0.00400407612323761,0.3996734917163849,0.22118225693702698,-0.21217188239097595,0.9998286366462708,-0.0017088055610656738,0.011089012026786804,0.004001721739768982,0.40266209840774536,0.2180538773536682,-0.2121945321559906,0.9998642802238464,-0.0013523399829864502,0.010383322834968567,0.004004180431365967,0.39337676763534546,0.2274894267320633,-0.17851077020168304,0.9995681047439575,-0.0028111040592193604,0.013089194893836975,0.002875193953514099,0.3934330344200134,0.22735680639743805,-0.17849621176719666,0.9994681477546692,-0.003307342529296875,0.013390973210334778,0.0028673559427261353,0.39349403977394104,0.22700642049312592,-0.1785152405500412,0.999419093132019,-0.00395694375038147,0.013749852776527405,0.0028660744428634644,0.4182186722755432,0.21255868673324585,-0.22471873462200165,0.999904453754425,-0.002594500780105591,0.008552461862564087,0.010151416063308716,0.4047184884548187,0.22291450202465057,-0.06600330770015717,0.9987642168998718,-0.006885111331939697,0.012247413396835327,0.00698418915271759,0.4101700782775879,0.2450724095106125,-0.1959858238697052,0.9998714923858643,-0.001421511173248291,0.008172780275344849,0.005586281418800354,0.40559107065200806,0.2498907893896103,-0.15064749121665955,0.9994345307350159,-0.0026521682739257812,0.009584680199623108,0.004168108105659485,0.4911932945251465,0.2627480626106262,-0.23002314567565918,0.999997615814209,-0.005296289920806885,0.003262639045715332,0.023086845874786377,0.4111810326576233,0.3025651276111603,0.058718882501125336,0.9993767142295837,-0.008626580238342285,0.006506592035293579,0.007590744644403458,0.5151876211166382,0.36540687084198,-0.24729827046394348,0.998846709728241,-0.00484853982925415,0.0007429420948028564,0.03148797154426575,0.40813693404197693,0.40112534165382385,0.15119430422782898,0.34505370259284973,-0.007603853940963745,0.0014936327934265137,0.00597342848777771,0.5203530192375183,0.4682353436946869,-0.2974222004413605,0.996812641620636,-0.0007717013359069824,-0.0008535981178283691,0.027945786714553833,0.38657838106155396,0.4863675534725189,0.07827835530042648,0.5935014486312866,-0.00763276219367981,-0.0010580718517303467,0.008819252252578735,0.5223666429519653,0.49808040261268616,-0.3328433632850647,0.9918189644813538,0.0004011392593383789,-0.0009718537330627441,0.03082701563835144,0.38097327947616577,0.5137687921524048,0.0664147213101387,0.5538081526756287,-0.007714122533798218,-0.0007774829864501953,0.007888849824666977,0.5127090215682983,0.49674269556999207,-0.3549690544605255,0.991773784160614,0.0002696514129638672,-0.0004667043685913086,0.02561873197555542,0.3809289038181305,0.5130460262298584,0.018437616527080536,0.5688182711601257,-0.007241100072860718,-0.0007793903350830078,0.00490599125623703,0.5109719634056091,0.4886154532432556,-0.3049665093421936,0.984480619430542,0.00012487173080444336,-5.644559860229492e-05,0.02567267417907715,0.38453590869903564,0.5056130886077881,0.055921606719493866,0.558262288570404,-0.0074076056480407715,-0.0007495284080505371,0.008032415062189102,0.49222350120544434,0.4774309992790222,-0.08715226501226425,0.999700665473938,-0.003706693649291992,0.004873871803283691,0.003665052354335785,0.44291621446609497,0.47952142357826233,0.08719921857118607,0.9992046356201172,-0.004851430654525757,0.006492316722869873,-0.003641463816165924,0.49272584915161133,0.6271440386772156,-0.10605372488498688,0.9807508587837219,-0.0014824867248535156,0.002806246280670166,-0.005420759320259094,0.420778751373291,0.6218019127845764,0.12031221389770508,0.8719186186790466,-0.0018425583839416504,0.0017581582069396973,-0.006383717060089111,0.5163345336914062,0.7759313583374023,-0.023957131430506706,0.9890311360359192,-0.00022071599960327148,5.84721565246582e-05,-0.011467930860817432,0.4188603460788727,0.7583497166633606,0.24854640662670135,0.9304611086845398,0.0024999678134918213,-0.0004011392593383789,-0.007471546530723572,0.5291563272476196,0.8047651052474976,-0.024993427097797394,0.9262866973876953,-0.0003865361213684082,-2.849102020263672e-05,-0.011987097561359406,0.43015938997268677,0.7777749300003052,0.25430771708488464,0.9096040725708008,0.0028769075870513916,-0.0003898143768310547,-0.00735396146774292,0.4742864668369293,0.810150146484375,-0.1635877937078476,0.9848002195358276,3.454089164733887e-05,-0.000805199146270752,-0.010096922516822815,0.38481882214546204,0.7955184578895569,0.1633509248495102,0.9460339546203613,0.0015583038330078125,-0.0002067089080810547,-0.006650179624557495
0.3884375989437103,0.24521704018115997,-0.2322881668806076,0.9998379349708557,-0.007307559251785278,0.004736155271530151,-0.035908833146095276,0.3902078866958618,0.22933854162693024,-0.24658909440040588,0.9997521042823792,-0.006694376468658447,0.005394876003265381,-0.034452781081199646,0.39315158128738403,0.22670094668865204,-0.24661190807819366,0.9998283386230469,-0.0065219104290008545,0.005518689751625061,-0.03444002568721771,0.39643341302871704,0.2236373871564865,-0.24663881957530975,0.9998617768287659,-0.00622868537902832,0.005583509802818298,-0.03444428741931915,0.3857191503047943,0.23345352709293365,-0.21475093066692352,0.9995793104171753,-0.0076576173305511475,0.005964100360870361,-0.03624016046524048,0.38530272245407104,0.2339014708995819,-0.21475329995155334,0.999489963054657,-0.008130311965942383,0.00654466450214386,-0.03625708818435669,0.3849007189273834,0.23411951959133148,-0.2147814929485321,0.9994450807571411,-0.008593320846557617,0.007113099098205566,-0.036266252398490906,0.4131649136543274,0.21928468346595764,-0.24504227936267853,0.999898374080658,-0.00505375862121582,0.006725996732711792,-0.02032354474067688,0.39642050862312317,0.2300490438938141,-0.09534832090139389,0.998802900314331,-0.008297979831695557,0.007134541869163513,-0.029345013201236725,0.4031992554664612,0.2510634958744049,-0.22664883732795715,0.9998766779899597,-0.006970822811126709,0.005991086363792419,-0.030663013458251953,0.39699769020080566,0.2566598653793335,-0.18360863626003265,0.9994651079177856,-0.008593380451202393,0.006769075989723206,-0.03296114504337311,0.4843643307685852,0.26646649837493896,-0.23281323909759521,0.9999971389770508,-0.006828963756561279,0.003718435764312744,-0.002790093421936035,0.40054020285606384,0.3071128726005554,0.03034520521759987,0.9994232058525085,-0.010640829801559448,0.004547744989395142,-0.028373677283525467,0.5117022395133972,0.36945202946662903,-0.24251720309257507,0.9986709356307983,-0.003485381603240967,0.004045158624649048,0.004781067371368408,0.39573341608047485,0.4049578011035919,0.13043682277202606,0.3811753988265991,-0.012403517961502075,0.0038324594497680664,-0.020757481455802917,0.5186862349510193,0.4684395492076874,-0.28873199224472046,0.9960504770278931,-0.0016667842864990234,0.00020420551300048828,0.008690208196640015,0.37926366925239563,0.4893379211425781,0.05089975520968437,0.6238996386528015,-0.007314711809158325,0.002970367670059204,-0.02737860009074211,0.5226024389266968,0.4988248944282532,-0.3231472074985504,0.9901071786880493,0.0002357959747314453,0.0007444918155670166,0.009696155786514282,0.3744509816169739,0.5161630511283875,0.035626016557216644,0.5818146467208862,-0.0065222978591918945,0.002394258975982666,-0.030788704752922058,0.5131151080131531,0.4979390501976013,-0.34727978706359863,0.9901586771011353,0.00040608644485473633,0.001196354627609253,0.00768926739692688,0.37550386786460876,0.5164492130279541,-0.009215975180268288,0.5967658758163452,-0.0054250359535217285,0.003403186798095703,-0.027653591707348824,0.5106613636016846,0.49007368087768555,-0.2972099184989929,0.9820639491081238,-0.00031059980392456055,0.0014582276344299316,0.007756590843200684,0.37886902689933777,0.5092136263847351,0.02945384941995144,0.5857205986976624,-0.005666881799697876,0.0036005377769470215,-0.026467757299542427,0.48844218254089355,0.48032262921333313,-0.08292122185230255,0.9996930956840515,-0.0037813186645507812,0.002891629934310913,0.0042310431599617004,0.438091516494751,0.484437495470047,0.08295444399118423,0.9992339611053467,-0.004824697971343994,0.004916071891784668,-0.004244774580001831,0.4895276427268982,0.6287124156951904,-0.08632243424654007,0.982181966304779,-0.0031982064247131348,0.0015683770179748535,0.019731290638446808,0.41941505670547485,0.6239702701568604,0.12485512346029282,0.883184015750885,-0.0013636946678161621,0.0021683573722839355,0.004542909562587738,0.5146602392196655,0.7748821973800659,0.03932967409491539,0.9897394180297852,-0.0016742944717407227,-0.0010491609573364258,0.0632868055254221,0.41814547777175903,0.7579270005226135,0.2795153260231018,0.9364445209503174,-0.0007148683071136475,-0.0004227161407470703,0.03096891939640045,0.5277413725852966,0.8030549883842468,0.042585864663124084,0.9219107031822205,-0.001414954662322998,-0.0017101168632507324,0.06757929176092148,0.43037280440330505,0.7775693535804749,0.28843095898628235,0.912844181060791,0.00021341443061828613,-0.00020557641983032227,0.034123241901397705,0.4742144048213959,0.8100019097328186,-0.10178641974925995,0.985489547252655,-7.206201553344727e-05,-0.00014823675155639648,0.061801373958587646,0.3875550627708435,0.7954500913619995,0.19320803880691528,0.9502542018890381,0.0027362406253814697,-6.836652755737305e-05,0.02985711395740509
0.378945529460907,0.2536984086036682,-0.22760412096977234,0.9998476505279541,-0.009492069482803345,0.00848136842250824,0.004684045910835266,0.38036808371543884,0.2374936044216156,-0.24203328788280487,0.999756932258606,-0.009839802980422974,0.008155062794685364,0.004555806517601013,0.38262805342674255,0.23536495864391327,-0.24203646183013916,0.9998289942741394,-0.01052352786064148,0.00866401195526123,0.004575446248054504,0.3851707875728607,0.23291277885437012,-0.24204981327056885,0.9998604655265808,-0.011262625455856323,0.009275391697883606,0.004589006304740906,0.37755244970321655,0.24040962755680084,-0.20957136154174805,0.9995971322059631,-0.008166700601577759,0.0069561004638671875,0.005179569125175476,0.3778233826160431,0.2404303103685379,-0.20958244800567627,0.9995173811912537,-0.007479339838027954,0.006528839468955994,0.005170851945877075,0.3780738413333893,0.24021972715854645,-0.20962420105934143,0.9994776248931885,-0.006826877593994141,0.006100207567214966,0.005157291889190674,0.40257659554481506,0.2274584174156189,-0.24154230952262878,0.9998918175697327,-0.010588318109512329,0.008173733949661255,0.0034999698400497437,0.39106765389442444,0.23543652892112732,-0.09036274254322052,0.9988666772842407,-0.0053528547286987305,0.005387485027313232,0.00498557835817337,0.391807496547699,0.2600092589855194,-0.2226547747850418,0.9998818039894104,-0.011391758918762207,0.008945763111114502,0.003994062542915344,0.3879016637802124,0.2636922299861908,-0.17909345030784607,0.9994978904724121,-0.009096026420593262,0.0070323646068573,0.0045151859521865845,0.4762722849845886,0.27119624614715576,-0.22618837654590607,0.9999963641166687,-0.008092045783996582,0.004729747772216797,0.006624862551689148,0.3935635983943939,0.3116444945335388,0.02886151149868965,0.9994710087776184,-0.006976604461669922,0.0045316219329833984,-0.0014836937189102173,0.5088603496551514,0.37284645438194275,-0.23166295886039734,0.9984927773475647,-0.0028418898582458496,0.0033944249153137207,0.010854244232177734,0.38849037885665894,0.4070470929145813,0.12555691599845886,0.41998642683029175,-0.007243037223815918,0.00208929181098938,-0.0048799067735672,0.5175440907478333,0.468951553106308,-0.27319473028182983,0.995124101638794,-0.0011421442031860352,0.0005120038986206055,0.015537261962890625,0.3735957443714142,0.49447306990623474,0.047199707478284836,0.6521340012550354,-0.005667924880981445,0.005135148763656616,-0.003700047731399536,0.5228405594825745,0.49906209111213684,-0.3060934543609619,0.9879675507545471,0.00023812055587768555,0.000237196683883667,0.0170537531375885,0.36918240785598755,0.5201603174209595,0.031768519431352615,0.6074652075767517,-0.005268573760986328,0.0039972662925720215,-0.003857497125864029,0.5133607983589172,0.4984467327594757,-0.32999634742736816,0.9881395101547241,0.00024569034576416016,0.0005076825618743896,0.01728343963623047,0.37020307779312134,0.5212492346763611,-0.011765032075345516,0.6223403215408325,-0.005300790071487427,0.004800021648406982,-0.0025490568950772285,0.5103858709335327,0.4907849133014679,-0.2818533182144165,0.9790085554122925,-0.00027549266815185547,0.0007112324237823486,0.015356600284576416,0.3732224106788635,0.5140418410301208,0.02616872452199459,0.6109070181846619,-0.005646616220474243,0.004828214645385742,-0.003285124897956848,0.48626527190208435,0.4833531677722931,-0.07907836139202118,0.9996756315231323,-0.002176910638809204,0.003030538558959961,0.003842860460281372,0.4359779357910156,0.48842689394950867,0.07913818210363388,0.999266505241394,-0.0021135807037353516,0.00398939847946167,-0.003816261887550354,0.4877728521823883,0.6286197304725647,-0.09352826327085495,0.9833363890647888,-0.0017547905445098877,-9.268522262573242e-05,-0.00720582902431488,0.4157641530036926,0.6235347986221313,0.09554387629032135,0.8936281204223633,-0.0036509037017822266,-0.0004354715347290039,-0.029311247169971466,0.5119915008544922,0.7737740874290466,0.031047603115439415,0.9902511239051819,-0.00266873836517334,-0.0011081099510192871,-0.008282070979475975,0.41635164618492126,0.7578794956207275,0.25467032194137573,0.9417449235916138,-0.0017938315868377686,-4.750490188598633e-05,-0.024845004081726074,0.5240079164505005,0.7994841933250427,0.03449172154068947,0.9192511439323425,-0.0037334561347961426,-0.0035707950592041016,-0.008094143122434616,0.426962286233902,0.7772607803344727,0.2637791335582733,0.915868878364563,-0.003410518169403076,-0.00030857324600219727,-0.024651825428009033,0.47424888610839844,0.8099955320358276,-0.10846960544586182,0.9859305024147034,3.4481287002563477e-05,-6.377696990966797e-06,-0.006683185696601868,0.3861146867275238,0.7953617572784424,0.17030657827854156,0.9538774490356445,-0.0014403760433197021,-8.83340835571289e-05,-0.022901460528373718
0.3731117844581604,0.2590884268283844,-0.3149164319038391,0.99985271692276,-0.005833745002746582,0.0053900182247161865,-0.08731231093406677,0.37405139207839966,0.24307666718959808,-0.32832959294319153,0.9997499585151672,-0.006316691637039185,0.005583062767982483,-0.08629630506038666,0.3763172924518585,0.241007998585701,-0.3283321261405945,0.9998216032981873,-0.006310760974884033,0.00564303994178772,-0.08629566431045532,0.3787941634654999,0.23859891295433044,-0.3283756375312805,0.999851644039154,-0.00637662410736084,0.005686134099960327,-0.08632582426071167,0.3709266781806946,0.24598149955272675,-0.2962232530117035,0.9995968341827393,-0.006625771522521973,0.005571871995925903,-0.08665189146995544,0.3708166182041168,0.2460748553276062,-0.296259343624115,0.9995246529579163,-0.0070067644119262695,0.005644544959068298,-0.08667689561843872,0.37068361043930054,0.24592941999435425,-0.2963098883628845,0.9994881749153137,-0.007390230894088745,0.0057096928358078,-0.08668568730354309,0.3952171802520752,0.23303675651550293,-0.31144192814826965,0.999882698059082,-0.007359415292739868,0.005578339099884033,-0.06989961862564087,0.3815670609474182,0.24160665273666382,-0.1610793024301529,0.9988746643066406,-0.009500592947006226,0.006170123815536499,-0.07071655988693237,0.3858276307582855,0.26589199900627136,-0.3024718463420868,0.9998862147331238,-0.005979865789413452,0.005882740020751953,-0.07981707155704498,0.3813329339027405,0.2699736952781677,-0.2591763138771057,0.9995235800743103,-0.006568729877471924,0.006281465291976929,-0.08008286356925964,0.46925783157348633,0.27301356196403503,-0.27588120102882385,0.9999963641166687,-0.007014453411102295,0.0018173158168792725,-0.049692824482917786,0.3849136531352997,0.3131850063800812,-0.015460794791579247,0.9995173215866089,-0.008649945259094238,0.0015405118465423584,-0.0443223062902689,0.5058134198188782,0.37308469414711,-0.27116769552230835,0.9985259175300598,-0.0030469298362731934,0.00023823976516723633,-0.03950473666191101,0.3825375437736511,0.41166701912879944,0.09254675358533859,0.46185052394866943,-0.0059528350830078125,0.00461992621421814,-0.03301016241312027,0.5157648324966431,0.47305527329444885,-0.3123217225074768,0.9950667023658752,-0.0017792582511901855,0.004103720188140869,-0.03912699222564697,0.36857983469963074,0.5015431642532349,0.006032389122992754,0.6817997097969055,-0.005015909671783447,0.007070094347000122,-0.04116731835529208,0.522497296333313,0.5023854374885559,-0.34544461965560913,0.9877710938453674,-0.0003432631492614746,0.0033233463764190674,-0.03935116529464722,0.3634490370750427,0.5281325578689575,-0.010748595930635929,0.6368328332901001,-0.005733370780944824,0.007972240447998047,-0.042517115361988544,0.5134600400924683,0.5027239918708801,-0.3740537166595459,0.9879739880561829,9.924173355102539e-05,0.004277259111404419,-0.044057369232177734,0.3642786741256714,0.5291131734848022,-0.0583566315472126,0.6511604189872742,-0.005924403667449951,0.007863938808441162,-0.046591599471867085,0.5096364617347717,0.4946993291378021,-0.32250168919563293,0.9787362813949585,-0.0007494091987609863,0.0039144158363342285,-0.04064837098121643,0.36748772859573364,0.5216801166534424,-0.01627502776682377,0.6399986743927002,-0.005734682083129883,0.007638275623321533,-0.04244375228881836,0.4835948944091797,0.4830281436443329,-0.08259003609418869,0.9996841549873352,-0.002670377492904663,-0.0003250241279602051,-0.003511674702167511,0.4339931607246399,0.4888560175895691,0.082659050822258,0.9992988705635071,-0.0019847750663757324,0.0004291236400604248,0.003520868718624115,0.4847855567932129,0.6284484267234802,-0.14535506069660187,0.9844634532928467,-0.002987295389175415,-0.00017130374908447266,-0.05182679742574692,0.4145287573337555,0.6241270899772644,0.07044199109077454,0.9019155502319336,-0.0012353956699371338,0.0005922913551330566,-0.025101885199546814,0.5081213712692261,0.7734723687171936,-0.0035167906899005175,0.9908190965652466,-0.0038701295852661133,-0.00030171871185302734,-0.03456439380533993,0.41394907236099243,0.7580177187919617,0.25168371200561523,0.9459645748138428,-0.002402573823928833,0.00013822317123413086,-0.002986609935760498,0.5204306840896606,0.7966057062149048,0.0035719596780836582,0.9166624546051025,-0.0035772323608398438,-0.0028784871101379395,-0.03091976186260581,0.4252358078956604,0.7770323157310486,0.26293060183525085,0.9178770780563354,-0.0017264783382415771,-0.00022846460342407227,-0.0008485317230224609,0.47217780351638794,0.8100185394287109,-0.16866901516914368,0.986433744430542,-0.002071082592010498,2.300739288330078e-05,-0.06019940972328186,0.3859269917011261,0.79529869556427,0.16086897253990173,0.9567669630050659,-0.00018769502639770508,-6.306171417236328e-05,-0.009437605738639832
0.3665596842765808,0.26489222049713135,-0.3083721697330475,0.99985671043396,-0.00655210018157959,0.005803793668746948,0.006544262170791626,0.3669481575489044,0.24948936700820923,-0.3226211667060852,0.999743640422821,-0.007103234529495239,0.006412699818611145,0.005708426237106323,0.3688714802265167,0.24780717492103577,-0.322613388299942,0.999812662601471,-0.007445812225341797,0.006799176335334778,0.005718737840652466,0.3708009719848633,0.24588018655776978,-0.32264211773872375,0.9998424053192139,-0.007993191480636597,0.007281273603439331,0.005733519792556763,0.3648645579814911,0.2510991394519806,-0.289462149143219,0.9995959401130676,-0.006062120199203491,0.005117639899253845,0.006761103868484497,0.3651982545852661,0.2506836950778961,-0.2895050048828125,0.9995319843292236,-0.005618363618850708,0.004608839750289917,0.00675433874130249,0.36562061309814453,0.2500610947608948,-0.2895539700984955,0.9995037317276001,-0.005062997341156006,0.004131674766540527,0.006755918264389038,0.3857589662075043,0.23953968286514282,-0.3125688433647156,0.999872624874115,-0.009458214044570923,0.006502926349639893,-0.0011269152164459229,0.37761634588241577,0.24518312513828278,-0.15836425125598907,0.9988975524902344,-0.003950715065002441,0.0035764724016189575,0.0027150511741638184,0.37700217962265015,0.27173343300819397,-0.2989727258682251,0.9998887181282043,-0.008825451135635376,0.005841434001922607,0.0034991204738616943,0.3746022880077362,0.27423468232154846,-0.2545081675052643,0.9995468854904175,-0.0067306458950042725,0.004260987043380737,0.004668146371841431,0.46357041597366333,0.27733322978019714,-0.28068894147872925,0.9999959468841553,-0.005687415599822998,0.004319667816162109,-0.0048077404499053955,0.3816097676753998,0.3130205273628235,-0.020120613276958466,0.9995595216751099,-0.0033038854598999023,-0.00016447901725769043,-0.004659818485379219,0.5030778646469116,0.3755275309085846,-0.2830333411693573,0.9985188245773315,-0.0027355551719665527,0.0024428367614746094,-0.01186564564704895,0.37708014249801636,0.41310712695121765,0.07751258462667465,0.49960580468177795,-0.005457401275634766,0.0014401078224182129,-0.01503416895866394,0.5152596235275269,0.47656869888305664,-0.3181566596031189,0.9948936700820923,-0.0005052089691162109,0.003513425588607788,-0.00583493709564209,0.36540696024894714,0.5050431489944458,-0.01696627400815487,0.7082363963127136,-0.0031728744506835938,0.0034999847412109375,-0.022998663131147623,0.5224034190177917,0.5046727061271667,-0.3507060706615448,0.9872324466705322,-9.387731552124023e-05,0.00228726863861084,-0.005261451005935669,0.359912633895874,0.5321268439292908,-0.03486122936010361,0.6626279354095459,-0.003536403179168701,0.003994286060333252,-0.024112633429467678,0.5135869383811951,0.5060463547706604,-0.37717416882514954,0.9874714612960815,0.00012689828872680664,0.0033223628997802734,-0.0031204521656036377,0.36115580797195435,0.5325320363044739,-0.08135063201189041,0.6765512824058533,-0.003122866153717041,0.003418862819671631,-0.02299400046467781,0.5093012452125549,0.49759817123413086,-0.3273664116859436,0.9779379963874817,-0.0003352165222167969,0.0028988420963287354,-0.004864722490310669,0.3645864725112915,0.5252962112426758,-0.03917307406663895,0.6655461192131042,-0.0029012560844421387,0.0036160945892333984,-0.022898046299815178,0.4810373783111572,0.4828347861766815,-0.08194328844547272,0.9996706247329712,-0.002557516098022461,-0.0001933574676513672,0.0006467476487159729,0.4326663017272949,0.4888959527015686,0.08203523606061935,0.9993276596069336,-0.0013268589973449707,3.993511199951172e-05,-0.0006238147616386414,0.4830242097377777,0.6259852051734924,-0.15861643850803375,0.9851189255714417,-0.0017613470554351807,-0.002463221549987793,-0.013261377811431885,0.4116947650909424,0.6229404211044312,-0.029494356364011765,0.9101371765136719,-0.0028339922428131104,-0.001186668872833252,-0.0999363474547863,0.5004189014434814,0.7689980864524841,-0.008668818511068821,0.9910649657249451,-0.007702469825744629,-0.004474282264709473,-0.0051520278211683035,0.4137130677700043,0.7598803043365479,0.1206546276807785,0.9502198100090027,-0.00023600459098815918,0.0018625855445861816,-0.13102908432483673,0.5110732316970825,0.7890612483024597,-0.004246259108185768,0.9130675792694092,-0.009357452392578125,-0.007544457912445068,-0.007818218786269426,0.42519935965538025,0.7784470319747925,0.1287120282649994,0.9210327863693237,-3.644824028015137e-05,0.0014147162437438965,-0.13421857357025146,0.4714300036430359,0.809998095035553,-0.16639694571495056,0.9864959120750427,-0.0007477998733520508,-2.0444393157958984e-05,0.0022720694541931152,0.38480767607688904,0.7956920266151428,0.013720875605940819,0.9597559571266174,-0.0011193156242370605,0.00039333105087280273,-0.14714809693396091
0.3613273799419403,0.27321451902389526,-0.2778100371360779,0.999865710735321,-0.005232304334640503,0.008322298526763916,0.030562132596969604,0.36115604639053345,0.2574802041053772,-0.2922710180282593,0.9997538924217224,-0.005792111158370972,0.007990837097167969,0.030350148677825928,0.3628474771976471,0.2558574378490448,-0.2922465205192566,0.9998176097869873,-0.006024003028869629,0.008050262928009033,0.030366867780685425,0.36461085081100464,0.2540704905986786,-0.2922526001930237,0.9998456239700317,-0.006190121173858643,0.008190304040908813,0.030389517545700073,0.35985755920410156,0.2588080167770386,-0.25851020216941833,0.9996151924133301,-0.005006998777389526,0.007708877325057983,0.03095194697380066,0.3605304956436157,0.2582523822784424,-0.25854769349098206,0.9995596408843994,-0.004667758941650391,0.007568687200546265,0.030957311391830444,0.36139875650405884,0.2574874460697174,-0.25858646631240845,0.9995369911193848,-0.004221856594085693,0.007426351308822632,0.030967503786087036,0.38026300072669983,0.248090922832489,-0.29086926579475403,0.9998719096183777,-0.005495965480804443,0.008551239967346191,0.021699577569961548,0.374314546585083,0.2524753212928772,-0.13515274226665497,0.9989694952964783,-0.0033017992973327637,0.007292196154594421,0.023211508989334106,0.3707444369792938,0.27977454662323,-0.2725411057472229,0.9998953938484192,-0.006257742643356323,0.00804111361503601,0.026431620121002197,0.3696991503238678,0.28148171305656433,-0.22756114602088928,0.9995806813240051,-0.004903137683868408,0.007247030735015869,0.026947021484375,0.460665225982666,0.2862864136695862,-0.2736429274082184,0.9999955892562866,-0.0029051899909973145,0.008953183889389038,0.007046014070510864,0.3779880404472351,0.3214055895805359,-0.014176015742123127,0.9995999336242676,-0.003621727228164673,0.008385062217712402,0.005944597534835339,0.5007917881011963,0.38259992003440857,-0.2647012174129486,0.9984309077262878,-0.002286076545715332,0.007072389125823975,0.01833212375640869,0.37214118242263794,0.4179602861404419,0.0780009776353836,0.5384941101074219,-0.004938960075378418,0.004853159189224243,0.0004883930087089539,0.5144697427749634,0.48115697503089905,-0.298347532749176,0.994530439376831,-0.0007898807525634766,0.004588276147842407,0.01980912685394287,0.36202770471572876,0.5073665380477905,-0.01122588012367487,0.7329096794128418,-0.003379255533218384,0.0023233890533447266,0.0057403938844799995,0.521998941898346,0.5078712105751038,-0.3305448591709137,0.9861710071563721,-0.0004044771194458008,0.0031985044479370117,0.020161211490631104,0.3566441833972931,0.5348929166793823,-0.026903364807367325,0.6869400143623352,-0.0032684504985809326,0.0027660727500915527,0.007957864552736282,0.5135821104049683,0.5101829767227173,-0.34969741106033325,0.98643958568573,-4.827976226806641e-06,0.004136621952056885,0.027476757764816284,0.35814136266708374,0.5349706411361694,-0.07067262381315231,0.7002559900283813,-0.0030144453048706055,0.0024386048316955566,0.010678008198738098,0.508902370929718,0.5016672015190125,-0.30513444542884827,0.9763162732124329,-0.00039887428283691406,0.004069030284881592,0.022231966257095337,0.3616319000720978,0.528287410736084,-0.032035283744335175,0.6890239119529724,-0.0029545724391937256,0.002991199493408203,0.007137790322303772,0.47786784172058105,0.4853672683238983,-0.07190143316984177,0.9996689558029175,-0.003169536590576172,0.002532482147216797,0.010041855275630951,0.4295048713684082,0.4922516942024231,0.07194417715072632,0.9993571043014526,-0.0031614303588867188,0.003355741500854492,-0.010091058909893036,0.48246994614601135,0.6253140568733215,-0.1890634149312973,0.9853228330612183,-0.0005542635917663574,-0.0006711483001708984,-0.03044697642326355,0.40870314836502075,0.6237411499023438,-0.055979661643505096,0.9175575971603394,-0.002991616725921631,0.0008007287979125977,-0.026485305279493332,0.49278074502944946,0.767560601234436,-0.03514958173036575,0.9909934997558594,-0.007638156414031982,-0.0014374852180480957,-0.026480763219296932,0.4085457921028137,0.7600164413452148,0.09790728986263275,0.9536592960357666,-0.005167275667190552,0.0001361370086669922,-0.022747337818145752,0.49984246492385864,0.7861095666885376,-0.02876048907637596,0.9080974459648132,-0.011230766773223877,-0.002951681613922119,-0.024514229968190193,0.4165106415748596,0.7793588042259216,0.10694488137960434,0.9214323163032532,-0.00868871808052063,0.0009117722511291504,-0.02176714688539505,0.47096046805381775,0.8094145655632019,-0.18233639001846313,0.9862038493156433,-0.00046953558921813965,-0.0005835294723510742,-0.015939444303512573,0.38630279898643494,0.7955513000488281,-0.007675392087548971,0.9622252583503723,0.0014951229095458984,-0.00014072656631469727,-0.02139626769348979
0.3593553900718689,0.28248926997184753,-0.2921287715435028,0.9998750686645508,-0.001971989870071411,0.00927475094795227,-0.014318734407424927,0.35920554399490356,0.2660655677318573,-0.3061305582523346,0.9997661709785461,-0.0019505023956298828,0.008585363626480103,-0.013859540224075317,0.36086398363113403,0.26456087827682495,-0.3060862421989441,0.9998246431350708,-0.0019834935665130615,0.008703440427780151,-0.0138397216796875,0.3626362979412079,0.26286783814430237,-0.306088387966156,0.9998505711555481,-0.001974552869796753,0.00879734754562378,-0.013835787773132324,0.357919305562973,0.26684001088142395,-0.27381518483161926,0.9996374249458313,-0.00193825364112854,0.008031994104385376,-0.015304982662200928,0.35864531993865967,0.26603174209594727,-0.2738649845123291,0.9995890855789185,-0.0018851757049560547,0.007779359817504883,-0.015317291021347046,0.35953837633132935,0.26501697301864624,-0.2738993465900421,0.9995705485343933,-0.0018603801727294922,0.007529526948928833,-0.015312880277633667,0.37873032689094543,0.2569175660610199,-0.30067819356918335,0.9998738765716553,-0.0015326738357543945,0.008826643228530884,-0.009808927774429321,0.37268924713134766,0.2597135007381439,-0.15209664404392242,0.9990463852882385,-0.0016252994537353516,0.007238179445266724,-0.016943901777267456,0.36843523383140564,0.2897301912307739,-0.28507131338119507,0.9999019503593445,-0.0023092031478881836,0.009955644607543945,-0.012530207633972168,0.3672524094581604,0.2904130518436432,-0.24211247265338898,0.9996132254600525,-0.0024467408657073975,0.008931338787078857,-0.014551326632499695,0.4605574607849121,0.2956196069717407,-0.26678043603897095,0.9999948740005493,-0.00010776519775390625,0.009333193302154541,0.0068624913692474365,0.3741738200187683,0.32674822211265564,-0.0353495329618454,0.9996371865272522,-0.003814220428466797,0.005342632532119751,-0.02117351721972227,0.49784597754478455,0.38833537697792053,-0.25467512011528015,0.9982246160507202,-0.002945810556411743,0.005735456943511963,0.010026097297668457,0.3676031231880188,0.4218951165676117,0.05545457452535629,0.5748967528343201,-0.004538059234619141,0.0039348304271698,-0.022546403110027313,0.51420658826828,0.4832310080528259,-0.280754953622818,0.9935881495475769,-0.0002631545066833496,0.00207403302192688,0.017592579126358032,0.3594074845314026,0.5116243958473206,-0.027735289186239243,0.7543421387672424,-0.002620220184326172,0.004257857799530029,-0.016509409062564373,0.5219349265098572,0.509143590927124,-0.3097357153892517,0.9838234186172485,-6.401538848876953e-05,0.0012723803520202637,0.020809143781661987,0.3537341058254242,0.5391660332679749,-0.04228661209344864,0.7072447538375854,-0.0029100775718688965,0.004273116588592529,-0.015383247286081314,0.5136078000068665,0.5112586617469788,-0.32908394932746887,0.9841520190238953,2.568960189819336e-05,0.0010756850242614746,0.02061346173286438,0.355111300945282,0.5387534499168396,-0.0850624367594719,0.7201113700866699,-0.003030061721801758,0.003782808780670166,-0.01438981294631958,0.5090101957321167,0.5030138492584229,-0.2875731587409973,0.9730600118637085,0.00010782480239868164,0.0013466477394104004,0.017561286687850952,0.3590438961982727,0.5314781069755554,-0.047935403883457184,0.7085598707199097,-0.0025880038738250732,0.0031906962394714355,-0.01590012013912201,0.47642284631729126,0.48904135823249817,-0.063719742000103,0.9996613264083862,-0.001444995403289795,0.0036740899085998535,0.00818169116973877,0.4281632900238037,0.4954962730407715,0.06375642120838165,0.9993835091590881,-0.0013415813446044922,0.0032445788383483887,-0.008187755942344666,0.47926464676856995,0.6252585053443909,-0.19192591309547424,0.9856189489364624,-0.0032052993774414062,-5.555152893066406e-05,-0.002862498164176941,0.4085629880428314,0.6244617104530334,-0.062124937772750854,0.9248584508895874,-0.00014016032218933105,0.0007205605506896973,-0.006145276129245758,0.4872461259365082,0.7661616802215576,-0.03782936558127403,0.9910394549369812,-0.005534619092941284,-0.001398921012878418,-0.0026797838509082794,0.4110846519470215,0.7617694735527039,0.09251569211483002,0.9573023915290833,0.0025388598442077637,0.0017530322074890137,-0.005391597747802734,0.48940926790237427,0.7838884592056274,-0.0316370390355587,0.9064279794692993,-0.010433197021484375,-0.0022211074829101562,-0.0028765499591827393,0.41981959342956543,0.7807771563529968,0.10132502019405365,0.923953652381897,0.0033089518547058105,0.0014183521270751953,-0.00561986118555069,0.47071051597595215,0.8094133734703064,-0.18050497770309448,0.9862080216407776,-0.0002499520778656006,-1.1920928955078125e-06,0.0018314123153686523,0.38844653964042664,0.795640766620636,-0.012242104858160019,0.9649604558944702,0.0021437406539916992,8.946657180786133e-05,-0.004566712770611048
0.35368865728378296,0.28435009717941284,-0.29322317242622375,0.9998839497566223,-0.0056667327880859375,0.0018608272075653076,-0.0010944008827209473,0.3544589877128601,0.26886510848999023,-0.3074008822441101,0.9997785091400146,-0.004746556282043457,0.0027995407581329346,-0.0012703239917755127,0.3563639521598816,0.2674389183521271,-0.3073498606681824,0.9998320937156677,-0.004500031471252441,0.002878040075302124,-0.0012636184692382812,0.35836201906204224,0.2658204734325409,-0.30734577775001526,0.9998559951782227,-0.004274278879165649,0.0029526352882385254,-0.001257389783859253,0.3525812327861786,0.26970547437667847,-0.2742103934288025,0.9996597766876221,-0.005338072776794434,0.0028654634952545166,-0.00039520859718322754,0.3531017601490021,0.26899319887161255,-0.2742692828178406,0.9996183514595032,-0.005543559789657593,0.002961456775665283,-0.0004042983055114746,0.35378628969192505,0.26803696155548096,-0.2743130326271057,0.9996038675308228,-0.005752086639404297,0.003019988536834717,-0.00041368603706359863,0.3748337924480438,0.2610052227973938,-0.3070398271083832,0.9998763799667358,-0.0038965344429016113,0.004087656736373901,-0.006361633539199829,0.36833736300468445,0.2636016011238098,-0.15460048615932465,0.9991217851638794,-0.004351884126663208,0.0038881003856658936,-0.0025038421154022217,0.363389253616333,0.2923669219017029,-0.2884978652000427,0.999908447265625,-0.005045980215072632,0.002636730670928955,-0.0034265518188476562,0.361427903175354,0.2935158610343933,-0.244414284825325,0.9996446371078491,-0.0058245062828063965,0.003102809190750122,-0.002301812171936035,0.45852527022361755,0.3024095296859741,-0.2712441086769104,0.9999937415122986,-0.0020321905612945557,0.0067899227142333984,-0.004463672637939453,0.36888718605041504,0.33525025844573975,-0.042367979884147644,0.9996712803840637,-0.0052866339683532715,0.008502036333084106,-0.007018446922302246,0.495342493057251,0.39280596375465393,-0.26435837149620056,0.9979274868965149,-0.0025034844875335693,0.0044705867767333984,-0.00968325138092041,0.3645705282688141,0.4280901551246643,0.046065326780080795,0.6096110343933105,-0.003032594919204712,0.006195038557052612,-0.009389247745275497,0.5134819149971008,0.4849400818347931,-0.28629010915756226,0.9925004243850708,-0.0007246732711791992,0.001709073781967163,-0.005535155534744263,0.35760796070098877,0.5158816576004028,-0.03545091673731804,0.7749907970428467,-0.0017995238304138184,0.004257261753082275,-0.007715627551078796,0.5219129920005798,0.5104637742042542,-0.3224484324455261,0.9812885522842407,-2.193450927734375e-05,0.001320183277130127,-0.012712717056274414,0.35099658370018005,0.5434431433677673,-0.050702910870313644,0.7278814315795898,-0.0027375221252441406,0.0042771100997924805,-0.008416298776865005,0.5136684775352478,0.5126413702964783,-0.34288012981414795,0.9816108345985413,6.0677528381347656e-05,0.0013827085494995117,-0.013796180486679077,0.3532683253288269,0.5431486964225769,-0.09141823649406433,0.7401687502861023,-0.0018429756164550781,0.004395246505737305,-0.006355799734592438,0.5090266466140747,0.5046694278717041,-0.29381638765335083,0.9692104458808899,1.6450881958007812e-05,0.00165557861328125,-0.006243228912353516,0.3575703501701355,0.5354795455932617,-0.05485420674085617,0.7285199761390686,-0.001473546028137207,0.004001438617706299,-0.006918802857398987,0.47517794370651245,0.4904100298881531,-0.06269096583127975,0.9996339082717896,-0.0012449026107788086,0.0013686716556549072,0.0010287761688232422,0.4259212017059326,0.4982495605945587,0.06269495189189911,0.9994049072265625,-0.0022420883178710938,0.0027532875537872314,-0.001061469316482544,0.47339701652526855,0.6238124966621399,-0.19232574105262756,0.9855314493179321,-0.005867630243301392,-0.0014460086822509766,-0.0003998279571533203,0.4078708291053772,0.6250753998756409,-0.08757560700178146,0.9315525889396667,-0.0006921589374542236,0.0006136894226074219,-0.02545066922903061,0.48668161034584045,0.7512513399124146,-0.0026286791544407606,0.9908227324485779,-0.0005645155906677246,-0.014910340309143066,0.03520068642683327,0.41240397095680237,0.7616344690322876,0.09360245615243912,0.9606627821922302,0.0013193190097808838,-0.00013500452041625977,0.0010867640376091003,0.4918435513973236,0.7650035619735718,0.008486470207571983,0.899914026260376,0.002434283494949341,-0.018884897232055664,0.040123509243130684,0.4218323826789856,0.7805401682853699,0.10533708333969116,0.9261269569396973,0.002012789249420166,-0.00023698806762695312,0.004012063145637512,0.4708200991153717,0.8063209056854248,-0.13609561324119568,0.9858593344688416,0.00010958313941955566,-0.003092467784881592,0.044409364461898804,0.3887811303138733,0.795795202255249,-0.009774885140359402,0.9674855470657349,0.0003345906734466553,0.0001544356346130371,0.0024672197178006172
0.35687559843063354,0.2941272556781769,-0.39122164249420166,0.9998894929885864,0.003186941146850586,0.009777158498764038,-0.0979984700679779,0.3570391833782196,0.2768171727657318,-0.40185269713401794,0.9997839331626892,0.002580195665359497,0.007952064275741577,-0.09445181488990784,0.3589990735054016,0.27532851696014404,-0.4018091559410095,0.9998337626457214,0.0026351213455200195,0.007889598608016968,-0.09445929527282715,0.3612164855003357,0.2736627161502838,-0.40184545516967773,0.9998559355735779,0.002854466438293457,0.00784224271774292,-0.09449967741966248,0.35499030351638794,0.27809372544288635,-0.3728422522544861,0.9996692538261414,0.0024090707302093506,0.008388251066207886,-0.0986318588256836,0.3554186224937439,0.2775178849697113,-0.37291908264160156,0.9996339678764343,0.0023168623447418213,0.008524686098098755,-0.09864979982376099,0.35594862699508667,0.2767568528652191,-0.37295931577682495,0.9996244311332703,0.002162337303161621,0.00871989130973816,-0.09864628314971924,0.37840843200683594,0.26787394285202026,-0.3712717890739441,0.9998761415481567,0.0035746395587921143,0.006868720054626465,-0.06423196196556091,0.36856070160865784,0.2720900774002075,-0.2369658499956131,0.9991742372512817,0.00022333860397338867,0.008488476276397705,-0.08236536383628845,0.36639076471328735,0.30056825280189514,-0.37361472845077515,0.9999136924743652,0.0030015110969543457,0.00820133090019226,-0.08511686325073242,0.36405378580093384,0.3022065758705139,-0.33487457036972046,0.9996710419654846,0.002625882625579834,0.008690714836120605,-0.09046028554439545,0.4602126479148865,0.30683958530426025,-0.29793694615364075,0.999993085861206,0.001687377691268921,0.004430055618286133,-0.026692837476730347,0.366510272026062,0.3390020430088043,-0.10096249729394913,0.999702513217926,-0.0023769140243530273,0.003751784563064575,-0.05859451740980148,0.49411827325820923,0.3977831304073334,-0.27443253993988037,0.9976226091384888,-0.001224219799041748,0.004977166652679443,-0.01007416844367981,0.3616707921028137,0.4296852946281433,0.002122273202985525,0.644256591796875,-0.002899736166000366,0.001595139503479004,-0.04394305357709527,0.5124289393424988,0.4881562292575836,-0.2968795597553253,0.9908733367919922,-0.0010529756546020508,0.0032161474227905273,-0.010589450597763062,0.3565080463886261,0.519532322883606,-0.08590845763683319,0.794399082660675,-0.001099914312362671,0.003650665283203125,-0.05045754089951515,0.5218360424041748,0.5134905576705933,-0.32443973422050476,0.9778399467468262,-7.69495964050293e-05,0.0030267834663391113,-0.0019913017749786377,0.34894368052482605,0.5488921403884888,-0.10394725948572159,0.7478796243667603,-0.002052903175354004,0.0054489970207214355,-0.053244348615407944,0.5137262344360352,0.516002893447876,-0.3516564965248108,0.9783182144165039,5.7756900787353516e-05,0.003361523151397705,-0.008776366710662842,0.3517124652862549,0.5486839413642883,-0.14842785894870758,0.7596058249473572,-0.0015558600425720215,0.005535244941711426,-0.05700962245464325,0.508965253829956,0.5082972049713135,-0.30710721015930176,0.9643183946609497,-6.139278411865234e-05,0.003627777099609375,-0.013290822505950928,0.3564694821834564,0.5405629873275757,-0.10636889934539795,0.7481281161308289,-0.0011008679866790771,0.005083441734313965,-0.05151469260454178,0.4754152297973633,0.4911409020423889,-0.05437646433711052,0.9996227025985718,0.00023728609085083008,0.0007308721542358398,0.008314501494169235,0.42394891381263733,0.4987844228744507,0.054434359073638916,0.9994170665740967,-0.001972287893295288,0.0005348622798919678,-0.008260592818260193,0.4705771803855896,0.6222880482673645,-0.22553706169128418,0.985402524471283,-0.002819836139678955,-0.0015244483947753906,-0.033211320638656616,0.40702342987060547,0.6250139474868774,-0.12553948163986206,0.9376170039176941,-0.0008473992347717285,-6.145238876342773e-05,-0.0379638746380806,0.4860747754573822,0.7471343874931335,-0.019282141700387,0.9907021522521973,-0.000606834888458252,-0.004116952419281006,-0.01665346254594624,0.41001683473587036,0.7614466547966003,0.05274201184511185,0.9637147784233093,-0.002387136220932007,-0.00018781423568725586,-0.04086044430732727,0.4905945360660553,0.7598822116851807,-0.0024666613899171352,0.8951036930084229,-0.0012490153312683105,-0.005121350288391113,-0.010953131597489119,0.4166026711463928,0.7803609371185303,0.06340491026639938,0.9281618595123291,-0.0052297115325927734,-0.0001792311668395996,-0.04193217307329178,0.47130078077316284,0.8027895092964172,-0.17005448043346405,0.9854972958564758,0.0004806816577911377,-0.0035313963890075684,-0.03395886719226837,0.3896716833114624,0.7956532835960388,-0.07090030610561371,0.9697233438491821,0.0008905529975891113,-0.00014191865921020508,-0.06112542096525431
0.3586941957473755,0.30018264055252075,-0.4371011257171631,0.9998951554298401,0.0018185973167419434,0.006055384874343872,-0.045879483222961426,0.3592023551464081,0.2824711501598358,-0.4456258714199066,0.9997901916503906,0.0021631717681884766,0.005653977394104004,-0.04377317428588867,0.3614289164543152,0.2807387113571167,-0.44558510184288025,0.9998364448547363,0.0024298429489135742,0.005410194396972656,-0.04377594590187073,0.3639568090438843,0.2788122296333313,-0.4456348419189453,0.9998568892478943,0.002740323543548584,0.005149513483047485,-0.04378938674926758,0.35682886838912964,0.2841287851333618,-0.41904202103614807,0.9996780157089233,0.0018385648727416992,0.006035059690475464,-0.04619976878166199,0.35710662603378296,0.2836410105228424,-0.419125497341156,0.9996480345726013,0.0016880035400390625,0.0061231255531311035,-0.04620641469955444,0.3574613928794861,0.2830266058444977,-0.41917356848716736,0.9996433258056641,0.001512765884399414,0.0062697529792785645,-0.04621425271034241,0.38079962134361267,0.27240100502967834,-0.40392976999282837,0.999875009059906,0.0023911893367767334,0.004527062177658081,-0.03265798091888428,0.36799904704093933,0.27875804901123047,-0.28106945753097534,0.9992201328277588,-0.0005616545677185059,0.006667971611022949,-0.044103607535362244,0.3682606518268585,0.30622464418411255,-0.4153290390968323,0.999918520450592,0.001869887113571167,0.005656391382217407,-0.04171431064605713,0.365627646446228,0.30801722407341003,-0.379878968000412,0.9996958374977112,0.0015738606452941895,0.005810648202896118,-0.04500439763069153,0.4611131548881531,0.31196168065071106,-0.3156561255455017,0.9999920725822449,0.0009005069732666016,0.005122095346450806,-0.017719179391860962,0.364897757768631,0.34509986639022827,-0.13958480954170227,0.9997305274009705,-0.0016125142574310303,0.00609782338142395,-0.03862231224775314,0.4929158091545105,0.40439048409461975,-0.28508442640304565,0.9972852468490601,-0.0012024641036987305,0.006607353687286377,-0.010651886463165283,0.3602418303489685,0.4347746670246124,-0.03353308141231537,0.6761766672134399,-0.0014289617538452148,0.005089372396469116,-0.035655354615300894,0.5114169120788574,0.49320903420448303,-0.3175913989543915,0.9894660115242004,-0.0010120272636413574,0.005052804946899414,-0.020711839199066162,0.35576003789901733,0.5253611207008362,-0.12145072221755981,0.8121582269668579,-0.0007480084896087646,0.005828797817230225,-0.035542264580726624,0.521613359451294,0.5171972513198853,-0.3438906967639923,0.9747785925865173,-0.00022268295288085938,0.003706693649291992,-0.01945096254348755,0.34792840480804443,0.5557836294174194,-0.1414118856191635,0.7663153409957886,-0.0010152757167816162,0.006891489028930664,-0.037464626133441925,0.5137332677841187,0.5201388001441956,-0.3735280930995941,0.9754727482795715,7.033348083496094e-06,0.00413590669631958,-0.021871596574783325,0.35092926025390625,0.5559708476066589,-0.1864185482263565,0.7775191068649292,-0.0007832050323486328,0.0072869062423706055,-0.037990689277648926,0.5088217258453369,0.5132851004600525,-0.3282843232154846,0.9603057503700256,-0.00014352798461914062,0.004987895488739014,-0.02117711305618286,0.3558245599269867,0.5473289489746094,-0.1420152485370636,0.7662369608879089,-0.0006449222564697266,0.006765961647033691,-0.03564634919166565,0.47469472885131836,0.4906812906265259,-0.04484827443957329,0.9996072053909302,-0.0007205009460449219,-0.0004596114158630371,0.009528189897537231,0.4214957356452942,0.49768874049186707,0.04493642970919609,0.9994360208511353,-0.0024531781673431396,-0.0010956823825836182,-0.009497929364442825,0.47130638360977173,0.6202189922332764,-0.2061903476715088,0.9849168062210083,0.0007292032241821289,-0.0020690560340881348,0.01934671401977539,0.4076572060585022,0.6228980422019958,-0.1555568426847458,0.9431667327880859,0.0006337761878967285,-0.002115905284881592,-0.030017361044883728,0.4831470549106598,0.7418832778930664,0.016880057752132416,0.9902255535125732,-0.002927720546722412,-0.005251109600067139,0.03616219945251942,0.4121718406677246,0.7614017128944397,0.029837071895599365,0.96658855676651,0.002155005931854248,-4.494190216064453e-05,-0.02290493994951248,0.48417410254478455,0.7529948949813843,0.02995465323328972,0.887618362903595,-0.006420433521270752,-0.006887316703796387,0.032421314623206854,0.41998013854026794,0.7801769971847534,0.04077732190489769,0.9296473264694214,0.003377467393875122,-0.00018393993377685547,-0.022627588361501694,0.4752870500087738,0.799291729927063,-0.13231918215751648,0.9846250414848328,0.003986269235610962,-0.003497779369354248,0.03773529827594757,0.39640265703201294,0.7956463098526001,-0.1044909730553627,0.9718369245529175,0.006730973720550537,-6.973743438720703e-06,-0.03359066694974899
0.35613366961479187,0.3019973337650299,-0.4145200252532959,0.9999021291732788,-0.002560526132583618,0.0018146932125091553,0.022581100463867188,0.3567996919155121,0.2851754426956177,-0.4248814582824707,0.9998022317886353,-0.002402663230895996,0.0027042925357818604,0.020744413137435913,0.3589523732662201,0.28368446230888367,-0.4248349070549011,0.9998446702957153,-0.0024765431880950928,0.0029457509517669678,0.020750194787979126,0.3613620102405548,0.282020628452301,-0.42488354444503784,0.9998635649681091,-0.0025947988033294678,0.0032083988189697266,0.02075129747390747,0.35454028844833374,0.2866854965686798,-0.3965660035610199,0.9996947646141052,-0.0022885799407958984,0.002556711435317993,0.022476017475128174,0.35483279824256897,0.2863256633281708,-0.3966466784477234,0.9996686577796936,-0.0022738277912139893,0.002684652805328369,0.022478818893432617,0.35519957542419434,0.2858376204967499,-0.39669090509414673,0.999666690826416,-0.002261817455291748,0.0028110146522521973,0.02248266339302063,0.37854763865470886,0.2767427861690521,-0.39324772357940674,0.9998806715011597,-0.0022519826889038086,0.004341781139373779,0.01068204641342163,0.3664582073688507,0.2822034955024719,-0.2629871666431427,0.9992757439613342,-0.001540839672088623,0.003445446491241455,0.01808229088783264,0.3655681014060974,0.30854684114456177,-0.39653199911117554,0.9999243021011353,-0.0026925504207611084,0.0023221969604492188,0.01879703998565674,0.36341893672943115,0.31063368916511536,-0.35889309644699097,0.9997203946113586,-0.002208709716796875,0.0026164650917053223,0.02098587155342102,0.45994043350219727,0.3146288990974426,-0.3134167790412903,0.9999918937683105,-0.0011727213859558105,0.0026672184467315674,0.0022393465042114258,0.3637215793132782,0.347042441368103,-0.12710663676261902,0.9997559189796448,-0.0011761784553527832,0.0019425749778747559,0.012478172779083252,0.4912744164466858,0.40862858295440674,-0.288473516702652,0.9970141649246216,-0.001641392707824707,0.004238098859786987,-0.0033890902996063232,0.3584056496620178,0.4364860951900482,-0.02669554576277733,0.70460444688797,-0.0018361806869506836,0.001711428165435791,0.00683753564953804,0.5107951760292053,0.49787643551826477,-0.3209685683250427,0.9885246753692627,-0.0006217360496520996,0.004667401313781738,-0.003377169370651245,0.356970876455307,0.5301738381385803,-0.10966615378856659,0.8278278112411499,0.0012108385562896729,0.004812717437744141,0.011784568428993225,0.5213667750358582,0.5214800238609314,-0.34857913851737976,0.9728201627731323,-0.000246584415435791,0.004282772541046143,-0.004688441753387451,0.3493974804878235,0.5594385266304016,-0.12707893550395966,0.7821387648582458,0.0014690756797790527,0.0036548972129821777,0.014332950115203857,0.5137141346931458,0.5245310068130493,-0.37549787759780884,0.9736200571060181,-1.913309097290039e-05,0.00439220666885376,-0.0019697844982147217,0.3530125021934509,0.5595617294311523,-0.1708223521709442,0.7928895354270935,0.0020832419395446777,0.003590881824493408,0.015596196055412292,0.5086696743965149,0.5184718370437622,-0.33052897453308105,0.9575170278549194,-0.00015205144882202148,0.005186736583709717,-0.0022446513175964355,0.35778743028640747,0.5509423017501831,-0.12959343194961548,0.7818852066993713,0.0019628703594207764,0.0036133527755737305,0.01242181658744812,0.47339779138565063,0.49067145586013794,-0.047197990119457245,0.9996168613433838,-0.0012969374656677246,-9.834766387939453e-06,-0.002349715679883957,0.42043623328208923,0.49749451875686646,0.04727007821202278,0.9994592666625977,-0.001059502363204956,-0.00019422173500061035,0.0023336485028266907,0.47117599844932556,0.6189711093902588,-0.25686416029930115,0.9849029183387756,-0.000130385160446167,-0.0012478828430175781,-0.05067381262779236,0.4076661169528961,0.6221895813941956,-0.1569942981004715,0.9480969309806824,8.910894393920898e-06,-0.000708460807800293,-0.001437455415725708,0.48189854621887207,0.7437788248062134,-0.0552171990275383,0.990257740020752,-0.0012485086917877197,0.0018955469131469727,-0.07209725677967072,0.41239356994628906,0.7611497044563293,0.020098069682717323,0.9691118597984314,0.00022172927856445312,-0.00025200843811035156,-0.009739002212882042,0.48150619864463806,0.7562681436538696,-0.0449044294655323,0.8872109055519104,-0.0026679039001464844,0.0032732486724853516,-0.07485908269882202,0.4203997254371643,0.7799823880195618,0.030659576877951622,0.9315589666366577,0.0004195868968963623,-0.0001946091651916504,-0.010117745026946068,0.47590070962905884,0.7968089580535889,-0.20641279220581055,0.984578549861908,0.0006136596202850342,-0.002482771873474121,-0.07409361004829407,0.3960248827934265,0.7950864434242249,-0.10638920962810516,0.9737098217010498,-0.0003777742385864258,-0.0005598664283752441,-0.0018982365727424622
0.3533826470375061,0.30791807174682617,-0.37308168411254883,0.9999093413352966,-0.0027510225772857666,0.005920737981796265,0.04143834114074707,0.35419806838035583,0.2925044298171997,-0.3853071331977844,0.9998145699501038,-0.00260162353515625,0.007328987121582031,0.03957432508468628,0.35623273253440857,0.2912188470363617,-0.38525205850601196,0.9998535513877869,-0.0027196407318115234,0.007534384727478027,0.03958284854888916,0.358511745929718,0.2897532284259796,-0.3852822184562683,0.9998708963394165,-0.002850264310836792,0.007732599973678589,0.03960132598876953,0.3515844941139221,0.29311615228652954,-0.35569989681243896,0.9997119307518005,-0.002955794334411621,0.0064306557178497314,0.04086610674858093,0.35172390937805176,0.2924254536628723,-0.3557741045951843,0.9996904134750366,-0.003108888864517212,0.006099790334701538,0.04087257385253906,0.35199373960494995,0.29160770773887634,-0.35582536458969116,0.99969083070755,-0.0032058358192443848,0.005770087242126465,0.040865540504455566,0.37472596764564514,0.2831767499446869,-0.36686721444129944,0.9998852014541626,-0.0038216710090637207,0.006433963775634766,0.0263805091381073,0.3651537597179413,0.28653839230537415,-0.23197989165782928,0.999329686164856,-0.0013044476509094238,0.004334896802902222,0.031007274985313416,0.3625038266181946,0.3141532242298126,-0.3605656623840332,0.9999297261238098,-0.003064274787902832,0.0056063830852508545,0.035966336727142334,0.35987406969070435,0.3153288960456848,-0.32146987318992615,0.9997432827949524,-0.0035448670387268066,0.004695206880569458,0.03742322325706482,0.4585687518119812,0.3199957609176636,-0.3001111149787903,0.9999917149543762,-0.0013716816902160645,0.005366861820220947,0.0133056640625,0.36190265417099,0.3499550223350525,-0.11274375021457672,0.9997790455818176,-0.001818925142288208,0.002912580966949463,0.014362886548042297,0.49013710021972656,0.4131983816623688,-0.27220219373703003,0.9967761039733887,-0.0011373162269592285,0.004569798707962036,0.016271322965621948,0.35732364654541016,0.4410270154476166,-0.0187186561524868,0.7303509712219238,-0.001082003116607666,0.004540920257568359,0.007976889610290527,0.5095669031143188,0.4996944069862366,-0.3074156641960144,0.9880903959274292,-0.0012282729148864746,0.0018179714679718018,0.01355290412902832,0.35706621408462524,0.5326209664344788,-0.09396103024482727,0.8415133953094482,9.53376293182373e-05,0.0024471282958984375,0.01570512354373932,0.5206505060195923,0.5231299996376038,-0.33455318212509155,0.9718471169471741,-0.0007162690162658691,0.0016499757766723633,0.014025956392288208,0.3498823940753937,0.5610206723213196,-0.11005691438913345,0.79555743932724,0.00048491358757019043,0.0015821456909179688,0.017022021114826202,0.5134753584861755,0.5260007977485657,-0.3607315421104431,0.9727503657341003,-0.00023877620697021484,0.0014697909355163574,0.014766335487365723,0.35363316535949707,0.5617215037345886,-0.1516818404197693,0.8060584664344788,0.0006206631660461426,0.0021597743034362793,0.019140511751174927,0.508258044719696,0.5199995636940002,-0.31750938296318054,0.9562073349952698,-0.00041162967681884766,0.0015277266502380371,0.013019591569900513,0.3583346903324127,0.5528955459594727,-0.11285873502492905,0.7951032519340515,0.000547260046005249,0.0019532442092895508,0.016734696924686432,0.4717075824737549,0.49135032296180725,-0.041026078164577484,0.9996210336685181,-0.001690208911895752,0.0006788671016693115,0.006171911954879761,0.4189089238643646,0.49798205494880676,0.041103292256593704,0.9994807243347168,-0.0015273094177246094,0.0004875361919403076,-0.006166785955429077,0.4713512361049652,0.6183927655220032,-0.25424593687057495,0.9843564629554749,0.00017523765563964844,-0.0005783438682556152,0.0026182234287261963,0.40715640783309937,0.6215143799781799,-0.17594072222709656,0.952418327331543,-0.0005097091197967529,-0.000675201416015625,-0.01894642412662506,0.4774574637413025,0.7439276576042175,-0.06218888238072395,0.9897814393043518,-0.00444108247756958,0.0001488327980041504,-0.006971683353185654,0.4116366505622864,0.7609555721282959,-0.006800974253565073,0.9709608554840088,-0.0007569193840026855,-0.00019413232803344727,-0.026899043936282396,0.47545498609542847,0.7581380605697632,-0.052136339247226715,0.8843420743942261,-0.006051212549209595,0.0018699169158935547,-0.007231909781694412,0.4186515212059021,0.7791054248809814,0.003344197291880846,0.930595874786377,-0.001748204231262207,-0.0008769631385803223,-0.027315379586070776,0.4760265350341797,0.7957260012626648,-0.20715658366680145,0.98405522108078,0.0001258254051208496,-0.0010829567909240723,-0.0007437914609909058,0.4003714621067047,0.7937782406806946,-0.13283979892730713,0.9750822186470032,0.004346579313278198,-0.0013082027435302734,-0.026450589299201965
0.35685569047927856,0.3169761002063751,-0.44755157828330994,0.9999129772186279,0.003473043441772461,0.00905802845954895,-0.07446989417076111,0.3576362133026123,0.30145421624183655,-0.45823580026626587,0.9998165369033813,0.0034381449222564697,0.00894978642463684,-0.07292866706848145,0.3596796691417694,0.29984918236732483,-0.4581645429134369,0.9998522400856018,0.00344693660736084,0.008630335330963135,-0.07291248440742493,0.36192768812179565,0.29816383123397827,-0.4582202434539795,0.9998688101768494,0.0034159421920776367,0.008410602807998657,-0.07293802499771118,0.3550756871700287,0.3024720847606659,-0.4335815906524658,0.9997156858444214,0.0034911930561065674,0.009355932474136353,-0.07788169384002686,0.3552241623401642,0.3017071783542633,-0.43367448449134827,0.9996981620788574,0.0035002529621124268,0.009281724691390991,-0.07790037989616394,0.3554561734199524,0.30084627866744995,-0.43372219800949097,0.9997032284736633,0.0034624338150024414,0.009238570928573608,-0.0778968334197998,0.3773195445537567,0.29031214118003845,-0.41772395372390747,0.9998776316642761,0.0025935769081115723,0.0071353912353515625,-0.05085673928260803,0.36677294969558716,0.2943040430545807,-0.3051079213619232,0.9993610382080078,0.001619189977645874,0.007765650749206543,-0.07312802970409393,0.3661116063594818,0.32181116938591003,-0.42512446641921997,0.9999315142631531,0.0036077797412872314,0.007657945156097412,-0.06455880403518677,0.36332303285598755,0.32284730672836304,-0.392583429813385,0.9997591376304626,0.003448963165283203,0.007518410682678223,-0.07111355662345886,0.45777231454849243,0.3248445689678192,-0.31576821208000183,0.9999906420707703,-0.0007964372634887695,0.00484880805015564,-0.015657097101211548,0.36198925971984863,0.35313189029693604,-0.17113645374774933,0.9998001456260681,8.660554885864258e-05,0.003176867961883545,-0.05839270353317261,0.489403635263443,0.41573089361190796,-0.2730627655982971,0.9963364601135254,-0.0007334649562835693,0.0025325119495391846,-0.0008605718612670898,0.35723528265953064,0.4439968466758728,-0.07711596041917801,0.754940390586853,-8.83638858795166e-05,0.0029698312282562256,-0.05839730426669121,0.5091456770896912,0.5022156238555908,-0.3070164620876312,0.9862910509109497,-0.00042122602462768555,0.002521216869354248,0.0003992021083831787,0.3579614758491516,0.536408543586731,-0.15095201134681702,0.8544736504554749,0.0008952617645263672,0.0037875771522521973,-0.056990981101989746,0.5202925801277161,0.525684654712677,-0.3330710530281067,0.9679641723632812,-0.0003579258918762207,0.002554655075073242,0.0014821290969848633,0.35150474309921265,0.5632749199867249,-0.16781269013881683,0.8086967468261719,0.0016223490238189697,0.0022542476654052734,-0.05775577574968338,0.513421356678009,0.5286240577697754,-0.36005643010139465,0.9692700505256653,-5.4001808166503906e-05,0.002623260021209717,0.0006751120090484619,0.3553916811943054,0.5641981959342957,-0.20928075909614563,0.8187798857688904,0.0017585158348083496,0.0024766921997070312,-0.05759891867637634,0.5080962777137756,0.5221918821334839,-0.31714293360710144,0.9515133500099182,-0.00016176700592041016,0.0021923184394836426,0.00036644935607910156,0.36000746488571167,0.5551979541778564,-0.16887827217578888,0.8079248070716858,0.0016727745532989502,0.002302408218383789,-0.05601953715085983,0.4707794785499573,0.4929107129573822,-0.0335717611014843,0.9996225237846375,-0.0009281039237976074,0.0015603899955749512,0.007454317063093185,0.41811123490333557,0.49884411692619324,0.03362051025032997,0.9994974136352539,-0.0007976889610290527,0.0008620619773864746,-0.007482782006263733,0.47037211060523987,0.6184993982315063,-0.2275882065296173,0.9837125539779663,-0.0009791254997253418,0.00010663270950317383,0.02665773034095764,0.4068523347377777,0.6215319037437439,-0.1492905169725418,0.9563460946083069,-0.0003040730953216553,1.7523765563964844e-05,0.02665020525455475,0.475089967250824,0.7455279231071472,-0.061152078211307526,0.9896974563598633,-0.0023674964904785156,0.0016002655029296875,0.0010368041694164276,0.41142088174819946,0.7608515024185181,0.00794860441237688,0.9728603363037109,-0.00021576881408691406,-0.00010406970977783203,0.014749578665941954,0.4718591570854187,0.7592805027961731,-0.05446922779083252,0.8848968744277954,-0.0035958290100097656,0.0011424422264099121,-0.0023328885436058044,0.4183930456638336,0.7790576815605164,0.016428757458925247,0.9303343296051025,-0.00025847554206848145,-4.774332046508789e-05,0.013084560167044401,0.4764067530632019,0.7966288328170776,-0.21052005887031555,0.9839462041854858,0.0003802180290222168,0.0009028315544128418,-0.003363475203514099,0.40078550577163696,0.7935582399368286,-0.11957956850528717,0.9764052629470825,0.000414043664932251,-0.0002200007438659668,0.013260230422019958
0.35679399967193604,0.3220866322517395,-0.4301625192165375,0.9999146461486816,-6.16908073425293e-05,0.00511053204536438,0.01738905906677246,0.35796356201171875,0.30678796768188477,-0.44215884804725647,0.999813973903656,0.0003273487091064453,0.005333751440048218,0.0160769522190094,0.3600340187549591,0.30549269914627075,-0.44208788871765137,0.999845564365387,0.00035434961318969727,0.005643516778945923,0.016076654195785522,0.36218884587287903,0.3040386140346527,-0.44213977456092834,0.9998611807823181,0.000261157751083374,0.0058747828006744385,0.016080468893051147,0.3554341197013855,0.3073531985282898,-0.4162701964378357,0.9997177720069885,0.0003584325313568115,0.004881113767623901,0.017311394214630127,0.3556508421897888,0.3066622316837311,-0.4163619577884674,0.9997046589851379,0.0004266798496246338,0.0049550533294677734,0.01731252670288086,0.35596296191215515,0.30589428544044495,-0.4164039194583893,0.999714195728302,0.0005067884922027588,0.005048006772994995,0.017318278551101685,0.3774973750114441,0.2959804832935333,-0.41380786895751953,0.9998628497123718,0.00017783045768737793,0.005668342113494873,0.0039160847663879395,0.3680478632450104,0.29949337244033813,-0.29583680629730225,0.9993866682052612,0.0012749135494232178,0.005189329385757446,0.009271115064620972,0.3658640384674072,0.32843226194381714,-0.41281333565711975,0.9999299645423889,-0.00024756789207458496,0.0066210925579071045,0.01231113076210022,0.36327165365219116,0.32938477396965027,-0.37863701581954956,0.9997690320014954,-5.137920379638672e-05,0.0065374672412872314,0.01394641399383545,0.45731353759765625,0.32836395502090454,-0.32247185707092285,0.9999886155128479,-0.00045877695083618164,0.003519386053085327,-0.0067036449909210205,0.36145535111427307,0.3590833246707916,-0.1725669503211975,0.9998190999031067,-0.0005339086055755615,0.005951434373855591,-0.0014304965734481812,0.48948773741722107,0.4167279601097107,-0.28344157338142395,0.9958656430244446,8.410215377807617e-05,0.0009970664978027344,-0.010378807783126831,0.35726481676101685,0.4547139108181,-0.08739395439624786,0.7768085598945618,2.9534101486206055e-05,0.010717064142227173,-0.010277993977069855,0.5084463357925415,0.5041456818580627,-0.3035314679145813,0.9831722378730774,-0.0006993412971496582,0.0019300580024719238,0.0034849941730499268,0.3588886260986328,0.5440880060195923,-0.15565337240695953,0.8660085797309875,0.0009271502494812012,0.007679462432861328,-0.004701361060142517,0.5196765661239624,0.5269010663032532,-0.3277234733104706,0.9613276720046997,-0.0006160140037536621,0.0012164115905761719,0.005347579717636108,0.35302993655204773,0.5709022283554077,-0.1701447069644928,0.8200287222862244,0.001525193452835083,0.007627308368682861,-0.0023320168256759644,0.5132656693458557,0.5294593572616577,-0.35054001212120056,0.9629902243614197,-0.0001556873321533203,0.0008352994918823242,0.009516417980194092,0.3565581440925598,0.5716713070869446,-0.20970003306865692,0.8296998143196106,0.0011664628982543945,0.007473111152648926,-0.0004192739725112915,0.507895827293396,0.5232405066490173,-0.3119249641895294,0.9436072707176208,-0.00020045042037963867,0.0010486245155334473,0.0052179694175720215,0.3611065745353699,0.5622847676277161,-0.17266198992729187,0.8189470171928406,0.0010991096496582031,0.007086813449859619,-0.0037837177515029907,0.4690625071525574,0.4949985146522522,-0.038227979093790054,0.9996255040168762,-0.0017169713973999023,0.002087801694869995,-0.004656217992305756,0.41693440079689026,0.5008024573326111,0.03824527934193611,0.9995168447494507,-0.0011768341064453125,0.0019583404064178467,0.00462476909160614,0.4694625735282898,0.62052321434021,-0.21868911385536194,0.9829623699188232,-0.0009095370769500732,0.0020238161087036133,0.008899092674255371,0.40741315484046936,0.622789740562439,-0.11989174783229828,0.9592946767807007,0.0005608201026916504,0.0012578368186950684,0.02939876914024353,0.47385144233703613,0.745766282081604,-0.05810365080833435,0.9895124435424805,-0.0012385249137878418,0.0002383589744567871,0.003048427402973175,0.41343483328819275,0.7607726454734802,0.038011349737644196,0.9743910431861877,0.002013951539993286,-7.88569450378418e-05,0.030062745325267315,0.47003260254859924,0.7625517249107361,-0.05184175819158554,0.8856309652328491,-0.001826554536819458,0.0032712221145629883,0.0026274695992469788,0.4219791293144226,0.7790027856826782,0.04651230573654175,0.9304331541061401,0.0035860836505889893,-5.4895877838134766e-05,0.0300835482776165,0.47640982270240784,0.7970037460327148,-0.1989978700876236,0.9837195873260498,3.069639205932617e-06,0.00037491321563720703,0.011522188782691956,0.40009722113609314,0.7932689189910889,-0.07931070029735565,0.9774364829063416,-0.0006882846355438232,-0.0002893209457397461,0.04026886820793152
0.35756200551986694,0.329409658908844,-0.4772360920906067,0.9999008774757385,0.0007680058479309082,0.007323026657104492,-0.047073572874069214,0.3581075668334961,0.3137669563293457,-0.48704442381858826,0.9997609853744507,0.00014400482177734375,0.0069789886474609375,-0.04488557577133179,0.3602864742279053,0.31252792477607727,-0.4869895577430725,0.9997891783714294,0.000252455472946167,0.0070352256298065186,-0.04490166902542114,0.36251306533813477,0.31114721298217773,-0.48706498742103577,0.9998088479042053,0.0003242194652557373,0.007108598947525024,-0.04492521286010742,0.356125146150589,0.31385716795921326,-0.46517056226730347,0.9996577501296997,0.0006910264492034912,0.006503969430923462,-0.04890036582946777,0.3566147983074188,0.31286799907684326,-0.46528515219688416,0.9996514320373535,0.0009639561176300049,0.006205767393112183,-0.04892319440841675,0.3570927679538727,0.3118165135383606,-0.46534663438796997,0.9996788501739502,0.0011298060417175293,0.005922228097915649,-0.04894271492958069,0.37891900539398193,0.3031219244003296,-0.44366803765296936,0.9997605681419373,0.0014216303825378418,0.007141441106796265,-0.02986016869544983,0.36899200081825256,0.30577847361564636,-0.34470561146736145,0.9993040561676025,0.0009441375732421875,0.0062851011753082275,-0.048868805170059204,0.3673245310783386,0.33518069982528687,-0.45391955971717834,0.9999069571495056,0.0014604926109313965,0.0067484378814697266,-0.041106224060058594,0.3646787106990814,0.3360099196434021,-0.42528724670410156,0.9997513294219971,0.0014070570468902588,0.006625145673751831,-0.046650230884552,0.45805296301841736,0.3368525803089142,-0.3362618088722229,0.9999813437461853,0.0007394254207611084,0.008488625288009644,-0.013789951801300049,0.3613801896572113,0.3642807602882385,-0.21809931099414825,0.9998356103897095,-7.516145706176758e-05,0.005197435617446899,-0.045532360672950745,0.4894627034664154,0.4238623082637787,-0.298147976398468,0.995071530342102,-2.5033950805664062e-05,0.007134348154067993,-0.014706403017044067,0.35679757595062256,0.4585830271244049,-0.13660068809986115,0.7968330383300781,-0.0004672408103942871,0.0038691163063049316,-0.04920673370361328,0.507207989692688,0.5108879804611206,-0.3226361870765686,0.9784402251243591,-0.0012383460998535156,0.006742298603057861,-0.019104719161987305,0.3597661256790161,0.5516451597213745,-0.20629215240478516,0.8756619095802307,0.0008774995803833008,0.0075571537017822266,-0.05063877999782562,0.5182541608810425,0.5334235429763794,-0.3460664451122284,0.9515276551246643,-0.0014224052429199219,0.006522476673126221,-0.018342971801757812,0.3538561463356018,0.5793396234512329,-0.224433034658432,0.828539252281189,0.0008262097835540771,0.008437395095825195,-0.05428832769393921,0.5122959613800049,0.5357144474983215,-0.37197333574295044,0.9539968967437744,-0.0009697079658508301,0.006255090236663818,-0.021433323621749878,0.35683393478393555,0.5807008147239685,-0.26222550868988037,0.838038980960846,0.0002757906913757324,0.009029507637023926,-0.05252547562122345,0.5071226358413696,0.5296618342399597,-0.33198919892311096,0.9327282905578613,-0.0007731914520263672,0.006421327590942383,-0.020064234733581543,0.3611887991428375,0.570573091506958,-0.22237467765808105,0.827162504196167,8.222460746765137e-05,0.008288323879241943,-0.049712687730789185,0.4669576585292816,0.4958849251270294,-0.025594929233193398,0.999606728553772,-0.002104848623275757,0.0008864104747772217,0.012633049860596657,0.4146157205104828,0.5009239912033081,0.025599077343940735,0.9995262026786804,-0.0023186802864074707,0.00012153387069702148,-0.012646201997995377,0.4679720401763916,0.6216117143630981,-0.17399734258651733,0.9802808165550232,-0.0014905333518981934,0.0010885000228881836,0.044691771268844604,0.40774351358413696,0.6242444515228271,-0.12864084541797638,0.9616966247558594,0.00033035874366760254,0.0014547109603881836,-0.0087490975856781,0.4737035632133484,0.7459617257118225,-0.03781751170754433,0.9885962605476379,-0.00014787912368774414,0.00019544363021850586,0.020286139100790024,0.41408735513687134,0.7618989944458008,0.008277490735054016,0.9755080938339233,0.0006525218486785889,0.0011263489723205566,-0.02973385900259018,0.4698534607887268,0.764674723148346,-0.03387424722313881,0.8831891417503357,-0.00017914175987243652,0.0021229982376098633,0.01796751096844673,0.4226621985435486,0.7792481780052185,0.014659985899925232,0.9263728857040405,0.0006830692291259766,0.0002453923225402832,-0.031852319836616516,0.47810834646224976,0.7957423329353333,-0.17510749399662018,0.9824722409248352,0.001698523759841919,-0.0012614130973815918,0.023890376091003418,0.401500403881073,0.7932367324829102,-0.1181909590959549,0.97793048620224,0.0014031827449798584,-3.218650817871094e-05,-0.03888025879859924
0.35842055082321167,0.3312165141105652,-0.45575061440467834,0.9998986124992371,0.0008585453033447266,0.0018068552017211914,0.021485477685928345,0.3582645356655121,0.3157690763473511,-0.4658554196357727,0.9997466802597046,0.0001569688320159912,0.002002120018005371,0.021189004182815552,0.36035364866256714,0.3146277368068695,-0.4658038020133972,0.9997739791870117,6.717443466186523e-05,0.0020998120307922363,0.021185755729675293,0.36261793971061707,0.31335073709487915,-0.4658944010734558,0.9997952580451965,0.0001048743724822998,0.002203524112701416,0.021170586347579956,0.3564327359199524,0.3159796893596649,-0.44206053018569946,0.9996359944343567,0.0003075897693634033,0.00212252140045166,0.023110032081604004,0.35711604356765747,0.3150607943534851,-0.4421657621860504,0.9996363520622253,0.0005012452602386475,0.0021927952766418457,0.02311939001083374,0.357713520526886,0.3140365779399872,-0.4422188699245453,0.9996706247329712,0.0006207525730133057,0.002220064401626587,0.023127764463424683,0.3797098696231842,0.30584412813186646,-0.4318576455116272,0.9997400045394897,0.0007908642292022705,0.0027222037315368652,0.011810392141342163,0.36970967054367065,0.30866748094558716,-0.32390281558036804,0.9992875456809998,0.0007176697254180908,0.002889007329940796,0.020802795886993408,0.36822575330734253,0.33779898285865784,-0.43668732047080994,0.9999027848243713,0.0009012222290039062,0.0026182830333709717,0.017232239246368408,0.3653431534767151,0.338798850774765,-0.40536993741989136,0.9997506141662598,0.000664442777633667,0.002788931131362915,0.019917309284210205,0.45876121520996094,0.34395185112953186,-0.3385710120201111,0.9999792575836182,0.0007082521915435791,0.007099270820617676,-0.0023092031478881836,0.36088958382606506,0.36863625049591064,-0.20325219631195068,0.9998508095741272,-0.0004906058311462402,0.004355490207672119,0.01484711468219757,0.4898694157600403,0.43392708897590637,-0.31321394443511963,0.994718074798584,0.00040671229362487793,0.010064780712127686,-0.015065968036651611,0.3582746386528015,0.4628969430923462,-0.12742885947227478,0.8147192001342773,0.001477062702178955,0.004313915967941284,0.009171828627586365,0.5073596239089966,0.5223648548126221,-0.33708104491233826,0.9757916927337646,0.00015163421630859375,0.011476874351501465,-0.014444857835769653,0.3602140545845032,0.5553203821182251,-0.19554975628852844,0.8845639228820801,0.00044792890548706055,0.003675222396850586,0.010742396116256714,0.5183629989624023,0.54218590259552,-0.3631587624549866,0.9463921785354614,0.00010883808135986328,0.008762359619140625,-0.01709231734275818,0.3542936444282532,0.5819346308708191,-0.21243806183338165,0.8369884490966797,0.0004374980926513672,0.0025950074195861816,0.011994972825050354,0.5123637914657593,0.5467649698257446,-0.38733774423599243,0.949225127696991,6.783008575439453e-05,0.011050522327423096,-0.015364408493041992,0.3574172854423523,0.5836942791938782,-0.25224635004997253,0.846401035785675,0.000583350658416748,0.002993464469909668,0.009979158639907837,0.5071423649787903,0.5396533608436584,-0.346194863319397,0.9266836047172546,1.9729137420654297e-05,0.00999152660369873,-0.01420566439628601,0.36148107051849365,0.5740414261817932,-0.2130374014377594,0.8357307314872742,0.00029227137565612793,0.003468334674835205,0.009337276220321655,0.4660166800022125,0.49914026260375977,-0.029865732416510582,0.9996193051338196,-0.0009409785270690918,0.0032553374767303467,-0.0042708031833171844,0.41409406065940857,0.5031551122665405,0.029908429831266403,0.9995495676994324,-0.0005216598510742188,0.002231121063232422,0.004309352487325668,0.46626320481300354,0.6220548748970032,-0.25849270820617676,0.9785122871398926,-0.0017088353633880615,0.0004431605339050293,-0.08449536561965942,0.4077995717525482,0.6239334940910339,-0.1741301715373993,0.9635010361671448,5.605816841125488e-05,-0.0003109574317932129,-0.04548932611942291,0.4718513488769531,0.7476608157157898,-0.12099497020244598,0.9880135655403137,-0.0018522143363952637,0.0016990900039672852,-0.08317745849490166,0.41873297095298767,0.7601788640022278,-0.035949159413576126,0.9760732650756836,0.004645615816116333,-0.001720130443572998,-0.04422665014863014,0.46675142645835876,0.7695398330688477,-0.11633489280939102,0.8841123580932617,-0.003102034330368042,0.004865109920501709,-0.08246064558625221,0.4284396767616272,0.77751624584198,-0.029404977336525917,0.9249899983406067,0.005777478218078613,-0.0017319321632385254,-0.04406496323645115,0.4798581600189209,0.7957189083099365,-0.26179295778274536,0.9815990328788757,0.0017498135566711426,-2.3424625396728516e-05,-0.08668546378612518,0.401594340801239,0.7908707857131958,-0.15832819044589996,0.9781047105789185,9.393692016601562e-05,-0.0023659467697143555,-0.04013723134994507
0.36513105034828186,0.340021550655365,-0.5162481069564819,0.9998943209648132,0.00671049952507019,0.008805036544799805,-0.06049749255180359,0.36896997690200806,0.32507649064064026,-0.5205293297767639,0.9997280836105347,0.010705441236495972,0.009307414293289185,-0.05467391014099121,0.37171030044555664,0.32392990589141846,-0.5204817652702332,0.9997538924217224,0.011356651782989502,0.00930216908454895,-0.05467796325683594,0.3745727837085724,0.3227626383304596,-0.5205928087234497,0.9997782111167908,0.011954843997955322,0.009411901235580444,-0.054698407649993896,0.3645021319389343,0.3253280222415924,-0.5036355257034302,0.9996117353439331,0.008069396018981934,0.00934833288192749,-0.06157499551773071,0.3641098439693451,0.3243568539619446,-0.5037462115287781,0.9996140599250793,0.006993800401687622,0.009296059608459473,-0.06158044934272766,0.3636775612831116,0.32336774468421936,-0.5037879347801208,0.9996551871299744,0.005964040756225586,0.009331166744232178,-0.06156906485557556,0.38894060254096985,0.31661829352378845,-0.45879125595092773,0.9997133016586304,0.009230732917785645,0.010774165391921997,-0.026933610439300537,0.37246382236480713,0.3186430037021637,-0.3819095492362976,0.9992619156837463,0.0027541518211364746,0.009975522756576538,-0.058006733655929565,0.37399178743362427,0.34640923142433167,-0.48650383949279785,0.999897301197052,0.005766034126281738,0.008610248565673828,-0.049816519021987915,0.36853185296058655,0.34712517261505127,-0.4642910063266754,0.999748945236206,0.00318869948387146,0.008326321840286255,-0.05892106890678406,0.4600440561771393,0.35613787174224854,-0.3494783341884613,0.9999772906303406,0.0012828409671783447,0.012186020612716675,-0.01090732216835022,0.3609636425971985,0.37815001606941223,-0.24737215042114258,0.9998645782470703,7.405877113342285e-05,0.009513765573501587,-0.044119954109191895,0.4903343617916107,0.4467962384223938,-0.31371623277664185,0.9941444993019104,0.00046494603157043457,0.012869149446487427,-0.0005022883415222168,0.3582784831523895,0.46789419651031494,-0.17210456728935242,0.830981433391571,3.844499588012695e-06,0.00499725341796875,-0.04467570781707764,0.5075966715812683,0.5326662063598633,-0.3389822840690613,0.9704119563102722,0.00023704767227172852,0.010301351547241211,-0.0019012391567230225,0.36027172207832336,0.5589734315872192,-0.23939183354377747,0.8921847939491272,5.766749382019043e-05,0.0036530494689941406,-0.04384207725524902,0.5188626050949097,0.5536622405052185,-0.3635050356388092,0.9368168711662292,0.0004996061325073242,0.011476337909698486,-0.00034627318382263184,0.35524600744247437,0.5852502584457397,-0.25787490606307983,0.844192385673523,0.0009523630142211914,0.0033156275749206543,-0.04543684422969818,0.5131722092628479,0.5582372546195984,-0.3904586434364319,0.9405142664909363,0.000808417797088623,0.01147228479385376,-0.003120899200439453,0.3582736849784851,0.5862500667572021,-0.2966507077217102,0.853380024433136,0.0008563995361328125,0.0025557875633239746,-0.04440435767173767,0.5075973868370056,0.5508434176445007,-0.34909486770629883,0.9171933531761169,0.00045502185821533203,0.011190056800842285,-0.0029000043869018555,0.3623425364494324,0.5773343443870544,-0.2561204433441162,0.8426955342292786,0.0008614659309387207,0.0032929182052612305,-0.04308304190635681,0.46624287962913513,0.5015118718147278,-0.024987563490867615,0.9996336102485657,0.00022619962692260742,0.0023716092109680176,0.004878168925642967,0.41302546858787537,0.5036191940307617,0.025040779262781143,0.9995682835578918,-0.0010685920715332031,0.0004640817642211914,-0.00486765056848526,0.4650624394416809,0.6220455169677734,-0.2510172724723816,0.9758373498916626,-0.0012007653713226318,-9.357929229736328e-06,0.007475435733795166,0.40739965438842773,0.6238774657249451,-0.17044779658317566,0.9642242789268494,-0.0003999173641204834,-5.602836608886719e-05,0.003682374954223633,0.4710378050804138,0.7488313913345337,-0.12389880418777466,0.986987829208374,-0.0008135437965393066,0.0011705756187438965,-0.0029038339853286743,0.41951480507850647,0.7582257390022278,-0.03959231823682785,0.9759357571601868,0.0007818341255187988,-0.001953125,-0.0036431588232517242,0.46634191274642944,0.7716714143753052,-0.12045903503894806,0.8823844194412231,-0.0004095137119293213,0.0021315813064575195,-0.004124142229557037,0.4295048713684082,0.7747331261634827,-0.03421963006258011,0.9218814969062805,0.0010651946067810059,-0.0027831196784973145,-0.004814652726054192,0.48039770126342773,0.7957417964935303,-0.26767808198928833,0.9799526333808899,0.0005395412445068359,2.288818359375e-05,-0.005885124206542969,0.4013577997684479,0.7903904318809509,-0.1652362197637558,0.9774996042251587,-0.0002365410327911377,-0.00048035383224487305,-0.006908029317855835
0.36921340227127075,0.34327659010887146,-0.5109637975692749,0.9998968243598938,0.004082351922988892,0.0032550394535064697,0.005284309387207031,0.374092698097229,0.32965219020843506,-0.5144121050834656,0.9997262358665466,0.005122721195220947,0.0045756995677948,0.00611722469329834,0.3769851326942444,0.3288768529891968,-0.5143510103225708,0.9997491240501404,0.005274832248687744,0.00494694709777832,0.0061307549476623535,0.3800138831138611,0.3280567228794098,-0.5144424438476562,0.9997740387916565,0.005441099405288696,0.005294084548950195,0.006150364875793457,0.36904773116111755,0.32966741919517517,-0.4990757405757904,0.9996146559715271,0.0045455992221832275,0.004339396953582764,0.0045597851276397705,0.3683094084262848,0.3289176821708679,-0.4991888105869293,0.9996193051338196,0.004199564456939697,0.00456082820892334,0.004557400941848755,0.3675503432750702,0.32814666628837585,-0.49922019243240356,0.9996623992919922,0.003872781991958618,0.004778921604156494,0.004567742347717285,0.3941567838191986,0.3238697052001953,-0.45041337609291077,0.9996958374977112,0.00521618127822876,0.00725141167640686,0.008377879858016968,0.3761363625526428,0.32520347833633423,-0.3814343810081482,0.9992796778678894,0.0036725401878356934,0.006560474634170532,0.00047516822814941406,0.37769490480422974,0.3507155478000641,-0.48079824447631836,0.9998974204063416,0.0037031173706054688,0.004306316375732422,0.005705595016479492,0.3711795210838318,0.3507232367992401,-0.46082812547683716,0.9997597932815552,0.0026476681232452393,0.0035980641841888428,0.003462880849838257,0.46027010679244995,0.3614099621772766,-0.33951133489608765,0.9999764561653137,0.00022605061531066895,0.005272090435028076,0.009966999292373657,0.36157479882240295,0.3823261260986328,-0.25169655680656433,0.9998774528503418,0.0006111562252044678,0.004176110029220581,-0.004324406385421753,0.49057918787002563,0.446935772895813,-0.31246477365493774,0.9940255284309387,0.000244826078414917,0.00013953447341918945,0.0012514591217041016,0.3579913377761841,0.47024840116500854,-0.17680631577968597,0.8467123508453369,-0.00028714537620544434,0.0023542046546936035,-0.004701748490333557,0.5075404047966003,0.536020815372467,-0.3318868577480316,0.96889328956604,-5.626678466796875e-05,0.0033546090126037598,0.007095426321029663,0.3605091869831085,0.562329113483429,-0.24485225975513458,0.9007329940795898,0.00023746490478515625,0.003355681896209717,-0.005460426211357117,0.5193329453468323,0.5574543476104736,-0.3502609133720398,0.9330300092697144,0.0004703402519226074,0.003792107105255127,0.01324412226676941,0.3553173243999481,0.5884350538253784,-0.2640794515609741,0.8538264632225037,7.131695747375488e-05,0.003184795379638672,-0.006204545497894287,0.5138516426086426,0.562531590461731,-0.3799975514411926,0.9372133612632751,0.0006794333457946777,0.004294335842132568,0.010461091995239258,0.3585582375526428,0.5891769528388977,-0.3007260262966156,0.8625925779342651,0.00028455257415771484,0.0029268860816955566,-0.0040753185749053955,0.5078310370445251,0.5551831722259521,-0.34407275915145874,0.9138720035552979,0.00023365020751953125,0.004339754581451416,0.005022108554840088,0.3628992438316345,0.5799989104270935,-0.26039788126945496,0.8519496917724609,0.0005567073822021484,0.0026645660400390625,-0.004277437925338745,0.4652189314365387,0.5029366612434387,-0.016044463962316513,0.999652087688446,-0.0010239481925964355,0.0014247894287109375,0.008943099528551102,0.41255202889442444,0.5047718286514282,0.016044961288571358,0.9995942115783691,-0.00047343969345092773,0.001152634620666504,-0.008995817974209785,0.46482354402542114,0.6218231320381165,-0.22835569083690643,0.9731361269950867,-0.00023889541625976562,-0.00022238492965698242,0.02266158163547516,0.40666714310646057,0.6238449811935425,-0.17155809700489044,0.9657655954360962,-0.0007325112819671631,-3.248453140258789e-05,-0.0011103004217147827,0.4692613184452057,0.7495628595352173,-0.09241738170385361,0.9860916137695312,-0.0017764866352081299,0.0007314682006835938,0.03148142248392105,0.4176085889339447,0.7558983564376831,-0.032787151634693146,0.9764562845230103,-0.0019062161445617676,-0.0023273825645446777,0.006805166602134705,0.4633030295372009,0.7717042565345764,-0.08737409859895706,0.8799260258674622,-0.0030388832092285156,3.2842159271240234e-05,0.033084936439991,0.4275358319282532,0.7712618112564087,-0.026492824777960777,0.9182554483413696,-0.0019690394401550293,-0.0034713149070739746,0.007726805284619331,0.48062220215797424,0.79518061876297,-0.23844559490680695,0.9787486791610718,0.0002245008945465088,-0.0005611777305603027,0.029232487082481384,0.40123802423477173,0.7898034453392029,-0.1572515219449997,0.9775559306144714,-0.00011977553367614746,-0.0005869865417480469,0.007984697818756104
0.37721163034439087,0.3458634912967682,-0.4983367323875427,0.9998995661735535,0.007998228073120117,0.0025869011878967285,0.012627065181732178,0.38197949528694153,0.3321978747844696,-0.4987892508506775,0.9997291564941406,0.007886797189712524,0.002545684576034546,0.015622854232788086,0.3853169083595276,0.331309974193573,-0.4987328052520752,0.9997492432594299,0.008331775665283203,0.0024331212043762207,0.015618205070495605,0.3889600336551666,0.3302850127220154,-0.49881142377853394,0.9997747540473938,0.008946150541305542,0.002228289842605591,0.015631020069122314,0.37546128034591675,0.33264437317848206,-0.4861883223056793,0.9996232390403748,0.006413549184799194,0.0029769539833068848,0.012887418270111084,0.3742509186267853,0.33213406801223755,-0.48629260063171387,0.9996270537376404,0.005941510200500488,0.003216385841369629,0.012896209955215454,0.373030424118042,0.3315899968147278,-0.48631277680397034,0.9996716976165771,0.005480080842971802,0.0034433305263519287,0.012907415628433228,0.40335217118263245,0.32602569460868835,-0.43120402097702026,0.9996891021728516,0.009195387363433838,0.002155989408493042,0.019209355115890503,0.37874770164489746,0.32910919189453125,-0.3716460168361664,0.9993007183074951,0.0026113390922546387,0.0039057135581970215,0.009788364171981812,0.3865025043487549,0.3540753424167633,-0.466452032327652,0.9998985528945923,0.008807599544525146,0.0033597946166992188,0.014346212148666382,0.37786370515823364,0.35378265380859375,-0.45016488432884216,0.9997718930244446,0.0066841840744018555,0.0030594170093536377,0.010663241147994995,0.46110519766807556,0.3676568567752838,-0.3254474103450775,0.9999743700027466,0.0008350908756256104,0.006246894598007202,0.014063924551010132,0.36194634437561035,0.38901790976524353,-0.24249958992004395,0.9998888373374939,0.00037154555320739746,0.006691783666610718,0.009196966886520386,0.4904407858848572,0.4509297311306,-0.26968201994895935,0.9935731887817383,-0.00013840198516845703,0.003993958234786987,0.042782753705978394,0.3586365580558777,0.4730798602104187,-0.16191807389259338,0.8608707189559937,0.0006452202796936035,0.0028314590454101562,0.01488824188709259,0.506923258304596,0.5385597944259644,-0.2887173295021057,0.9650976657867432,-0.0006171464920043945,0.0025389790534973145,0.0431695282459259,0.36078765988349915,0.5649961829185486,-0.2191435843706131,0.9082492589950562,0.000278472900390625,0.002667069435119629,0.025708675384521484,0.5193086862564087,0.5598834156990051,-0.3060530424118042,0.925849437713623,-2.4259090423583984e-05,0.002429068088531494,0.044207870960235596,0.35536429286003113,0.5908896327018738,-0.23547768592834473,0.8623013496398926,4.696846008300781e-05,0.0024545788764953613,0.028601765632629395,0.5138458013534546,0.5641894936561584,-0.33444106578826904,0.930487871170044,-5.841255187988281e-06,0.0016579031944274902,0.045556485652923584,0.358661025762558,0.5917555689811707,-0.27160385251045227,0.8706357479095459,0.00010278820991516113,0.0025786161422729492,0.02912217378616333,0.5076457858085632,0.5563752055168152,-0.2989346385002136,0.9071887731552124,-0.00018525123596191406,0.0011920332908630371,0.04513812065124512,0.36319103837013245,0.5827430486679077,-0.23429402709007263,0.8600925207138062,0.0002917945384979248,0.002744138240814209,0.026103854179382324,0.4631773829460144,0.5079368352890015,-0.010055306367576122,0.9996685981750488,-0.002041548490524292,0.005000174045562744,0.005989157594740391,0.4105285108089447,0.5109116435050964,0.010052293539047241,0.9996144771575928,-0.0020235180854797363,0.006139814853668213,-0.0059926677495241165,0.46462804079055786,0.6222174763679504,-0.21407227218151093,0.9710401296615601,-0.00019550323486328125,0.0003943443298339844,0.014283418655395508,0.4067060053348541,0.6244564652442932,-0.16946162283420563,0.9673609733581543,3.886222839355469e-05,0.0006114840507507324,0.0020964741706848145,0.46732181310653687,0.7528013586997986,-0.08393000066280365,0.9851270914077759,-0.0019395053386688232,0.003238499164581299,0.008487381041049957,0.41795581579208374,0.7548883557319641,-0.0395117923617363,0.9768940210342407,0.0003472268581390381,-0.0010100007057189941,-0.006724640727043152,0.46118512749671936,0.7732164859771729,-0.07906767725944519,0.8793961405754089,-0.0021179020404815674,0.0015122294425964355,0.008306421339511871,0.4278506636619568,0.7710141539573669,-0.034230418503284454,0.9157228469848633,0.0003148317337036133,-0.00024765729904174805,-0.007737593725323677,0.4809141755104065,0.7953360080718994,-0.2358456552028656,0.9776296019554138,0.000291973352432251,0.00015538930892944336,0.002599939703941345,0.4015456736087799,0.790421187877655,-0.16325673460960388,0.9776794910430908,0.0003076493740081787,0.0006177425384521484,-0.006005212664604187
0.3877609372138977,0.355308473110199,-0.5451450347900391,0.9999064207077026,0.010549306869506836,0.009444981813430786,-0.04680830240249634,0.39325404167175293,0.3410266935825348,-0.539581298828125,0.9997464418411255,0.011274546384811401,0.008828818798065186,-0.04079204797744751,0.3968628942966461,0.3399835526943207,-0.5395240783691406,0.999763548374176,0.01154598593711853,0.00867357850074768,-0.04079127311706543,0.4005841612815857,0.33871889114379883,-0.5396197438240051,0.9997882843017578,0.011624127626419067,0.008433878421783447,-0.04080832004547119,0.3850198984146118,0.3405856490135193,-0.5329394340515137,0.9996506571769714,0.009558618068695068,0.007941275835037231,-0.04675111174583435,0.382921040058136,0.3395039737224579,-0.5330605506896973,0.9996533989906311,0.008670121431350708,0.007369905710220337,-0.0467679500579834,0.3807854950428009,0.3383764326572418,-0.5330893397331238,0.999695897102356,0.007755070924758911,0.006786435842514038,-0.04677656292915344,0.4113057255744934,0.33395522832870483,-0.4461912512779236,0.9997040033340454,0.007953554391860962,0.00792953372001648,-0.01498723030090332,0.38227546215057373,0.3349560797214508,-0.4176778197288513,0.9993550181388855,0.0035277605056762695,0.005846887826919556,-0.046031802892684937,0.39590755105018616,0.36357107758522034,-0.5053151845932007,0.9999048709869385,0.009405046701431274,0.009495735168457031,-0.038863152265548706,0.38670042157173157,0.3628706634044647,-0.497173011302948,0.9997904896736145,0.008836716413497925,0.009088009595870972,-0.047008126974105835,0.46422138810157776,0.3804576098918915,-0.330440491437912,0.9999725818634033,0.0031161904335021973,0.012800753116607666,-0.004993081092834473,0.36213260889053345,0.3960256278514862,-0.27985429763793945,0.9998992681503296,0.0001862645149230957,0.007007718086242676,-0.03735470771789551,0.4903992712497711,0.4626077711582184,-0.2738317549228668,0.9932157397270203,-4.151463508605957e-05,0.011678040027618408,-0.004149734973907471,0.3590490520000458,0.4802587628364563,-0.20645102858543396,0.8737210631370544,0.0004124939441680908,0.007178902626037598,-0.044532954692840576,0.5067692399024963,0.5461481809616089,-0.2980887293815613,0.9629649519920349,-0.00015401840209960938,0.007588386535644531,-0.009371399879455566,0.36144739389419556,0.5704234838485718,-0.26372867822647095,0.9151472449302673,0.0006597340106964111,0.005427300930023193,-0.04458509385585785,0.5195655822753906,0.5692262649536133,-0.31853556632995605,0.9214808940887451,0.0002568960189819336,0.009342849254608154,-0.012482523918151855,0.3554021418094635,0.5945371389389038,-0.2818658947944641,0.8703471422195435,3.784894943237305e-05,0.0036475062370300293,-0.046388208866119385,0.5142512917518616,0.5722860097885132,-0.34606438875198364,0.9262798428535461,0.0004054903984069824,0.008096516132354736,-0.0116233229637146,0.359177827835083,0.5958418250083923,-0.3172883987426758,0.8781902194023132,0.0005168020725250244,0.00408625602722168,-0.04568454623222351,0.5077018737792969,0.5649722814559937,-0.30803754925727844,0.9033190011978149,5.608797073364258e-05,0.008597075939178467,-0.00910291075706482,0.36398690938949585,0.5880594849586487,-0.2784377634525299,0.8678710460662842,0.0007958710193634033,0.005316436290740967,-0.044143736362457275,0.4625304639339447,0.5084827542304993,-0.007774624042212963,0.9996836185455322,-0.0006469190120697021,0.0005459189414978027,0.002280682325363159,0.41030508279800415,0.5121192932128906,0.007735236082226038,0.9996365308761597,-0.00022342801094055176,0.0012076497077941895,-0.0023170574568212032,0.4649750292301178,0.6250433325767517,-0.18802334368228912,0.968195378780365,0.0003469884395599365,0.0028258562088012695,0.026048928499221802,0.40546974539756775,0.6298637986183167,-0.17473861575126648,0.9683743119239807,-0.001236259937286377,0.0054073333740234375,-0.005276992917060852,0.4641548693180084,0.7561171650886536,-0.06979386508464813,0.9838672280311584,-0.0031669437885284424,0.0033158063888549805,0.014136135578155518,0.4193100929260254,0.755031943321228,-0.041369304060935974,0.9771912693977356,0.0013542771339416504,0.00014358758926391602,-0.0018575116991996765,0.4577743411064148,0.7762872576713562,-0.0670192688703537,0.8765407800674438,-0.0034107863903045654,0.0030707716941833496,0.012048408389091492,0.43031445145606995,0.7715757489204407,-0.03596462309360504,0.9125013947486877,0.002463787794113159,0.0005615949630737305,-0.0017342045903205872,0.48117637634277344,0.7950447201728821,-0.20395290851593018,0.9760560989379883,0.00026220083236694336,-0.000291287899017334,0.031892746686935425,0.4016365110874176,0.7911789417266846,-0.16747598350048065,0.9774624109268188,9.083747863769531e-05,0.000757753849029541,-0.00421924889087677
0.38876745104789734,0.36129847168922424,-0.5237181186676025,0.9999105334281921,0.0010065138339996338,0.0059899985790252686,0.021426916122436523,0.3948032855987549,0.34801366925239563,-0.520652711391449,0.9997575283050537,0.0015492439270019531,0.00698697566986084,0.018928587436676025,0.39811113476753235,0.3474839925765991,-0.5205999612808228,0.999771237373352,0.0012482404708862305,0.007500439882278442,0.01892411708831787,0.40173396468162537,0.34663593769073486,-0.5207018852233887,0.9997969269752502,0.0011498034000396729,0.007917046546936035,0.018917858600616455,0.3880849778652191,0.34632131457328796,-0.5110353231430054,0.9996689558029175,0.0030650794506073,0.005735665559768677,0.0219041109085083,0.38655081391334534,0.344817191362381,-0.5111505389213562,0.9996702075004578,0.0036297738552093506,0.005313217639923096,0.021910011768341064,0.38494348526000977,0.3432885408401489,-0.5111871361732483,0.9997134804725647,0.004157990217208862,0.0049121081829071045,0.02190220355987549,0.4149637818336487,0.34218528866767883,-0.43834200501441956,0.9997105002403259,0.0036580562591552734,0.008230060338973999,0.007849246263504028,0.3874618411064148,0.3393128514289856,-0.39655810594558716,0.9993957877159119,0.0051863789558410645,0.00435677170753479,0.02111971378326416,0.3962213099002838,0.3706662058830261,-0.487936407327652,0.9999091625213623,0.00031375885009765625,0.007095128297805786,0.017378777265548706,0.38809606432914734,0.3684503436088562,-0.4758712351322174,0.9998056292533875,0.0013956427574157715,0.0055796802043914795,0.02130177617073059,0.4679597020149231,0.3890567421913147,-0.3289755582809448,0.9999702572822571,0.003738313913345337,0.008599132299423218,0.001464933156967163,0.3630402684211731,0.39979487657546997,-0.2657645642757416,0.9999086260795593,0.0009076595306396484,0.0037692487239837646,0.014089733362197876,0.4905267357826233,0.4725959599018097,-0.28685569763183594,0.9922182559967041,0.00012746453285217285,0.009988188743591309,-0.013023942708969116,0.35878828167915344,0.4844769835472107,-0.20504912734031677,0.8852105140686035,-0.000260770320892334,0.0042182207107543945,0.0014019012451171875,0.5056158304214478,0.5534707307815552,-0.3257203996181488,0.9565554857254028,-0.001153409481048584,0.007322549819946289,-0.027631670236587524,0.36207273602485657,0.5734970569610596,-0.26815539598464966,0.9205384254455566,0.0006253421306610107,0.003073573112487793,-0.004426717758178711,0.5187786817550659,0.5778558850288391,-0.3500714600086212,0.9109037518501282,-0.000786900520324707,0.00862962007522583,-0.03153589367866516,0.35548222064971924,0.5974635481834412,-0.28901201486587524,0.8758015036582947,8.00788402557373e-05,0.0029264092445373535,-0.007146120071411133,0.5134309530258179,0.5799296498298645,-0.37688881158828735,0.9159724712371826,-0.0008203387260437012,0.007643640041351318,-0.03082442283630371,0.3593817353248596,0.5988156795501709,-0.3224520683288574,0.8833087086677551,0.00020390748977661133,0.0029738545417785645,-0.005163669586181641,0.5070728063583374,0.5736534595489502,-0.33622199296951294,0.8918259143829346,-0.0006290674209594727,0.008681178092956543,-0.028184443712234497,0.364357054233551,0.5916056036949158,-0.28258466720581055,0.8729546070098877,0.0003701448440551758,0.00354611873626709,-0.00414690375328064,0.4624393582344055,0.5121201276779175,-0.008124836720526218,0.999697208404541,-9.110569953918457e-05,0.003637373447418213,-0.0003502126783132553,0.40961623191833496,0.5146443843841553,0.008135700598359108,0.9996561408042908,-0.0006888508796691895,0.0025250911712646484,0.00040046451613307,0.4651425778865814,0.6261365413665771,-0.23573613166809082,0.9640182852745056,0.00016754865646362305,0.0010932087898254395,-0.0477127879858017,0.40404844284057617,0.6296681761741638,-0.2191798985004425,0.969050943851471,-0.0014213025569915771,-0.00019562244415283203,-0.044441282749176025,0.46381521224975586,0.7569333910942078,-0.11828412860631943,0.9818886518478394,-0.0003396570682525635,0.0008162260055541992,-0.048490263521671295,0.41927266120910645,0.7551202774047852,-0.08668728172779083,0.9764819145202637,-3.743171691894531e-05,8.83340835571289e-05,-0.04531797766685486,0.45660343766212463,0.7770113348960876,-0.11510467529296875,0.8713805079460144,-0.0011709034442901611,0.0007240772247314453,-0.04808540642261505,0.4300359785556793,0.7727197408676147,-0.08122311532497406,0.9062458276748657,-0.000278472900390625,0.0011439919471740723,-0.04525849223136902,0.48108839988708496,0.7951435446739197,-0.2594219446182251,0.9736678600311279,-8.797645568847656e-05,9.882450103759766e-05,-0.05546903610229492,0.4025971293449402,0.7915173172950745,-0.2162041962146759,0.9760853052139282,0.000960618257522583,0.0003383755683898926,-0.04872821271419525
0.39832451939582825,0.3615536391735077,-0.5217908620834351,0.9999167323112488,0.009557068347930908,0.00025516748428344727,0.0019272565841674805,0.40488824248313904,0.34794893860816956,-0.5147162079811096,0.9997731447219849,0.010084956884384155,-6.473064422607422e-05,0.0059365034103393555,0.40821877121925354,0.3475063443183899,-0.5146740674972534,0.9997842311859131,0.010107636451721191,2.2351741790771484e-05,0.005925893783569336,0.41156917810440063,0.3468254506587982,-0.5147725939750671,0.9998087882995605,0.009835213422775269,0.0001895129680633545,0.005929291248321533,0.39733877778053284,0.34563499689102173,-0.5083827972412109,0.9996932744979858,0.00925379991531372,-0.0006863176822662354,0.0026525259017944336,0.3955405652523041,0.34391385316848755,-0.5085026025772095,0.9996940493583679,0.00898975133895874,-0.0009033381938934326,0.0026479363441467285,0.3937496840953827,0.34221288561820984,-0.5085394978523254,0.9997349381446838,0.008806198835372925,-0.001075655221939087,0.0026476383209228516,0.4194034934043884,0.3431984484195709,-0.4228127598762512,0.9997245073318481,0.004439711570739746,0.0010131597518920898,0.015529245138168335,0.3925294578075409,0.339102566242218,-0.39082181453704834,0.9994428157806396,0.005067616701126099,-0.00021028518676757812,0.005736291408538818,0.40453729033470154,0.37063929438591003,-0.480925977230072,0.9999157786369324,0.008315980434417725,-2.6911497116088867e-05,0.007010430097579956,0.39567694067955017,0.3687290847301483,-0.47320786118507385,0.9998226165771484,0.007580876350402832,0.00027874112129211426,0.0026633739471435547,0.4692044258117676,0.3912515938282013,-0.31022363901138306,0.9999697804450989,0.0012447237968444824,0.0021948516368865967,0.018751919269561768,0.3644494414329529,0.4036451280117035,-0.2602325975894928,0.9999172687530518,0.0014091730117797852,0.0038502514362335205,0.005531966686248779,0.49060243368148804,0.47366201877593994,-0.2750680148601532,0.9919582605361938,7.56978988647461e-05,0.001066058874130249,0.01178768277168274,0.35903874039649963,0.48722079396247864,-0.2043059766292572,0.8958567380905151,0.0002504587173461914,0.0027438104152679443,0.0007431507110595703,0.504585862159729,0.5560443997383118,-0.32296186685562134,0.953735888004303,-0.00102996826171875,0.002573668956756592,0.002758532762527466,0.36249640583992004,0.5785811543464661,-0.27323275804519653,0.9260053634643555,0.00042366981506347656,0.005084097385406494,-0.005077362060546875,0.5169535279273987,0.5812578797340393,-0.34791868925094604,0.9054485559463501,-0.0018251538276672363,0.0034019947052001953,0.002152770757675171,0.35567858815193176,0.6016114950180054,-0.2967511713504791,0.8822882175445557,0.00019636750221252441,0.004147946834564209,-0.007739156484603882,0.511151134967804,0.5817228555679321,-0.374124675989151,0.9105286598205566,-0.002279818058013916,0.001793205738067627,0.0027641355991363525,0.3595375418663025,0.6024867296218872,-0.3303651213645935,0.8894786834716797,0.0001558065414428711,0.0036710500717163086,-0.007913053035736084,0.5051356554031372,0.5744659304618835,-0.3331945240497589,0.8857094645500183,-0.0019371509552001953,0.0008124709129333496,0.0030274689197540283,0.36446613073349,0.5958532094955444,-0.2878738045692444,0.8792122006416321,0.00010907649993896484,0.004247605800628662,-0.005289137363433838,0.46252870559692383,0.5179532766342163,-0.005780535284429789,0.9997144937515259,8.934736251831055e-05,0.005833148956298828,0.00234430143609643,0.4096096456050873,0.520438015460968,0.005827920977026224,0.9996787309646606,-6.586313247680664e-06,0.005793631076812744,-0.002307779621332884,0.46528172492980957,0.6259467005729675,-0.2613499164581299,0.962924063205719,0.00013914704322814941,-0.00018984079360961914,-0.025613784790039062,0.403677374124527,0.629505455493927,-0.25373774766921997,0.9705605506896973,-0.00037106871604919434,-0.0001627206802368164,-0.034557849168777466,0.4652782380580902,0.7566812038421631,-0.12896060943603516,0.9809973835945129,0.0014630258083343506,-0.00025218725204467773,-0.010676480829715729,0.41916465759277344,0.7552111148834229,-0.11136484146118164,0.9770391583442688,-0.00010800361633300781,9.083747863769531e-05,-0.024677559733390808,0.4583645462989807,0.7771249413490295,-0.12410444021224976,0.8729708194732666,0.001761108636856079,0.00011360645294189453,-0.008999764919281006,0.42990365624427795,0.7731329202651978,-0.10508741438388824,0.9057868719100952,-0.0001323223114013672,0.0004131793975830078,-0.023864299058914185,0.48154768347740173,0.7945205569267273,-0.269266813993454,0.9729752540588379,0.00045928359031677246,-0.0006229877471923828,-0.009844869375228882,0.40282735228538513,0.7913588285446167,-0.24654701352119446,0.9760924577713013,0.0002302229404449463,-0.00015848875045776367,-0.030342817306518555
0.39674410223960876,0.37057188153266907,-0.5111600160598755,0.9999235272407532,-0.0015804171562194824,0.009018242359161377,0.01063084602355957,0.4042094647884369,0.3569818139076233,-0.5061725974082947,0.9997910857200623,-0.0006787776947021484,0.009032875299453735,0.008543610572814941,0.4082724452018738,0.3565935790538788,-0.5061162710189819,0.9998005628585815,5.367398262023926e-05,0.009087234735488892,0.008557796478271484,0.41260647773742676,0.35593312978744507,-0.5061977505683899,0.9998230338096619,0.001037299633026123,0.00910767912864685,0.008574843406677246,0.39670076966285706,0.3543425500392914,-0.4984171986579895,0.999718964099884,-0.0006380081176757812,0.008707553148269653,0.009965598583221436,0.39519307017326355,0.3524361550807953,-0.498530775308609,0.9997195601463318,-0.00034749507904052734,0.00852230191230774,0.009971827268600464,0.39362120628356934,0.35051295161247253,-0.4985582232475281,0.9997572898864746,-0.0001284778118133545,0.008300065994262695,0.009981274604797363,0.4233487546443939,0.3531993329524994,-0.41644588112831116,0.9997444152832031,0.003945261240005493,0.010000884532928467,0.0063668787479400635,0.3950704038143158,0.347407728433609,-0.3834499418735504,0.999491810798645,0.0025409460067749023,0.008305162191390991,0.007371872663497925,0.4035692811012268,0.3809725344181061,-0.4727787971496582,0.9999225735664368,-0.0009680092334747314,0.010333240032196045,0.008147180080413818,0.3951021432876587,0.37796446681022644,-0.4632064402103424,0.9998387098312378,-0.0005747973918914795,0.009235382080078125,0.010001420974731445,0.4716412127017975,0.40124326944351196,-0.3000181019306183,0.9999695420265198,0.0024367868900299072,0.009991675615310669,0.01020553708076477,0.36717864871025085,0.4100847542285919,-0.2493981122970581,0.9999251961708069,0.0027292072772979736,0.006439626216888428,0.010834485292434692,0.4906236529350281,0.4832199513912201,-0.2470342218875885,0.9914534091949463,2.1219253540039062e-05,0.009557932615280151,0.028033792972564697,0.3590957522392273,0.4908565580844879,-0.18270593881607056,0.9052923917770386,5.701184272766113e-05,0.0036357641220092773,0.021600037813186646,0.5044821500778198,0.5607550144195557,-0.2769993543624878,0.949280858039856,-0.00010371208190917969,0.0047106146812438965,0.045962512493133545,0.36261728405952454,0.5793784856796265,-0.24598638713359833,0.9310427308082581,0.00012087821960449219,0.0007973313331604004,0.027246370911598206,0.5168459415435791,0.5847520232200623,-0.2962809205055237,0.8978465795516968,-0.00010758638381958008,0.0034941434860229492,0.05163776874542236,0.35538625717163086,0.602504312992096,-0.26553231477737427,0.8880283236503601,-0.0002923309803009033,0.0008928179740905762,0.03121885657310486,0.5111084580421448,0.5853542685508728,-0.3228466510772705,0.9032280445098877,-4.267692565917969e-05,0.003631412982940674,0.05127802491188049,0.35889899730682373,0.6034486889839172,-0.3001340329647064,0.8949525952339172,-0.0006385445594787598,0.0009619593620300293,0.030231088399887085,0.5050390958786011,0.578684389591217,-0.2868207097053528,0.8778309226036072,-9.655952453613281e-05,0.004218459129333496,0.04637381434440613,0.36391207575798035,0.5969212055206299,-0.2606998085975647,0.8849555253982544,-0.0005540549755096436,0.0010679960250854492,0.027173995971679688,0.46224522590637207,0.522383451461792,-0.0072562419809401035,0.9997275471687317,-0.0002834796905517578,0.004430174827575684,-0.001475706696510315,0.40945377945899963,0.524177074432373,0.007295691408216953,0.9996964335441589,-0.00015586614608764648,0.0037390589714050293,0.0014677704311907291,0.4653155207633972,0.6264722347259521,-0.2447887659072876,0.9616180658340454,3.3795833587646484e-05,0.0005255341529846191,0.016561150550842285,0.40325433015823364,0.6297659277915955,-0.22665894031524658,0.9716448783874512,-0.00042304396629333496,0.00026047229766845703,0.02707880735397339,0.4647402763366699,0.7569872736930847,-0.12416646629571915,0.9801419973373413,-0.0005379617214202881,0.00030606985092163086,0.0047941431403160095,0.4191153943538666,0.7560498118400574,-0.09887134283781052,0.9773091077804565,-4.926323890686035e-05,0.0008386969566345215,0.012493498623371124,0.4574136734008789,0.7772426009178162,-0.12100551277399063,0.8722844123840332,-0.0009508728981018066,0.0001176595687866211,0.0030989274382591248,0.4300311207771301,0.7741316556930542,-0.09412918239831924,0.9063868522644043,0.00012746453285217285,0.0009987354278564453,0.010958231985569,0.4801051616668701,0.7945516705513,-0.2630237936973572,0.9720067381858826,-0.0014425218105316162,3.1113624572753906e-05,0.006243020296096802,0.402744859457016,0.7928658127784729,-0.229020357131958,0.9761332869529724,-8.249282836914062e-05,0.0015069842338562012,0.01752665638923645
0.39842772483825684,0.3801219165325165,-0.5260506272315979,0.9999303817749023,0.0016836225986480713,0.009550034999847412,-0.014890611171722412,0.40551018714904785,0.36577507853507996,-0.5215167999267578,0.9998095035552979,0.001300722360610962,0.008793264627456665,-0.015344202518463135,0.4096730649471283,0.36521586775779724,-0.5214511752128601,0.9998177289962769,0.0014006197452545166,0.008622288703918457,-0.015334904193878174,0.4141254425048828,0.3645288348197937,-0.5215263962745667,0.99983811378479,0.0015189647674560547,0.008595705032348633,-0.015328645706176758,0.39777109026908875,0.3638955056667328,-0.5139769911766052,0.9997444152832031,0.0010703206062316895,0.009552955627441406,-0.015559792518615723,0.39617541432380676,0.36206352710723877,-0.514086127281189,0.9997447729110718,0.0009823441505432129,0.009627372026443481,-0.015555351972579956,0.39454180002212524,0.3600936532020569,-0.5140886902809143,0.9997791647911072,0.0009205937385559082,0.00958070158958435,-0.01553046703338623,0.4257797300815582,0.3623022437095642,-0.4295750558376312,0.9997662901878357,0.0024309754371643066,0.00910291075706482,-0.013129174709320068,0.39674726128578186,0.35630670189857483,-0.3986205458641052,0.9995390772819519,0.0016768574714660645,0.00889897346496582,-0.01517060399055481,0.4055142402648926,0.38966280221939087,-0.48698940873146057,0.9999294281005859,0.0019449591636657715,0.00869026780128479,-0.014210611581802368,0.39681583642959595,0.38714632391929626,-0.47774043679237366,0.9998538494110107,0.0017136931419372559,0.009181857109069824,-0.01453399658203125,0.47310352325439453,0.4086601138114929,-0.305569589138031,0.9999703764915466,0.001462310552597046,0.007416844367980957,-0.00555148720741272,0.37004658579826355,0.4147452712059021,-0.2627793252468109,0.9999323487281799,0.0028679370880126953,0.004660516977310181,-0.013381212949752808,0.4909146726131439,0.48370274901390076,-0.25425493717193604,0.9916187524795532,0.0002910196781158447,0.00048279762268066406,-0.007220715284347534,0.3592284917831421,0.4956457316875458,-0.1951724737882614,0.9139924645423889,0.00013273954391479492,0.004789173603057861,-0.012466534972190857,0.5046313405036926,0.567362904548645,-0.27961552143096924,0.9488294720649719,0.00014919042587280273,0.0066078901290893555,-0.0026161670684814453,0.36282503604888916,0.5840957164764404,-0.2555787265300751,0.9358884692192078,0.00020775198936462402,0.004717230796813965,-0.009592339396476746,0.5168200731277466,0.5926539301872253,-0.29884806275367737,0.8955256342887878,-2.586841583251953e-05,0.007901906967163086,-0.0025671422481536865,0.35517847537994385,0.606698751449585,-0.2745223343372345,0.8935107588768005,-0.00020778179168701172,0.004194438457489014,-0.00899001955986023,0.51112961769104,0.5928855538368225,-0.3244794011116028,0.9010877013206482,2.1159648895263672e-05,0.007531285285949707,-0.0016327500343322754,0.3585452139377594,0.6077141165733337,-0.30715125799179077,0.9001729488372803,-0.00035378336906433105,0.004265427589416504,-0.007017225027084351,0.5051198601722717,0.5861256718635559,-0.2886972725391388,0.8758580684661865,8.07642936706543e-05,0.007441282272338867,-0.0018765628337860107,0.36371201276779175,0.6010946035385132,-0.2691928446292877,0.8905134201049805,-0.00020006299018859863,0.004173398017883301,-0.008493036031723022,0.4618256688117981,0.5250322818756104,-0.006281482987105846,0.9997421503067017,-0.0004195570945739746,0.0026488304138183594,0.0009747589938342571,0.4093579649925232,0.5259837508201599,0.006320982240140438,0.9997143149375916,-9.581446647644043e-05,0.0018066763877868652,-0.0009747091680765152,0.4650082588195801,0.6263671517372131,-0.23832806944847107,0.9592334032058716,-0.00030726194381713867,-0.00010508298873901367,0.006460696458816528,0.40299171209335327,0.6296243071556091,-0.22420024871826172,0.9724782705307007,-0.0002626180648803711,-0.00014162063598632812,0.0024586915969848633,0.46465182304382324,0.7570236921310425,-0.11531045287847519,0.9788510203361511,-8.845329284667969e-05,3.641843795776367e-05,0.008856013417243958,0.41909146308898926,0.7565086483955383,-0.09313948452472687,0.9774943590164185,-2.3931264877319336e-05,0.00045883655548095703,0.005731858313083649,0.4570261836051941,0.7774908542633057,-0.11185584962368011,0.8711609244346619,-0.00038748979568481445,0.00024825334548950195,0.009149663150310516,0.43015122413635254,0.7759279608726501,-0.08801767230033875,0.9067000150680542,0.00012010335922241211,0.0017963051795959473,0.006111510097980499,0.4800775647163391,0.7951171398162842,-0.2528765797615051,0.9706302881240845,-2.759695053100586e-05,0.0005654692649841309,0.01014721393585205,0.40226516127586365,0.7943049073219299,-0.2221769392490387,0.9759407043457031,-0.00047969818115234375,0.0014390945434570312,0.0068434178829193115
0.4018501341342926,0.3873087465763092,-0.5043823719024658,0.9999369382858276,0.0034224092960357666,0.007186830043792725,0.02166825532913208,0.40927043557167053,0.3727581799030304,-0.4936350882053375,0.9998273253440857,0.0037602484226226807,0.0069831013679504395,0.027881711721420288,0.4133753180503845,0.3724595606327057,-0.49355435371398926,0.9998344779014587,0.0037022531032562256,0.007243692874908447,0.02789682149887085,0.4176054000854492,0.3718912899494171,-0.4936061501502991,0.9998528361320496,0.0034799575805664062,0.007362455129623413,0.027920246124267578,0.401120126247406,0.36965760588645935,-0.4918045103549957,0.9997687935829163,0.0033490359783172607,0.0057621002197265625,0.022172480821609497,0.3993217647075653,0.36745530366897583,-0.4919392168521881,0.9997691512107849,0.003146350383758545,0.0053917765617370605,0.022146910429000854,0.39752787351608276,0.36506223678588867,-0.4919331967830658,0.9998002648353577,0.0029860734939575195,0.004968583583831787,0.02215549349784851,0.429105281829834,0.369584858417511,-0.3941173553466797,0.9997871518135071,0.003325551748275757,0.007282614707946777,0.03545770049095154,0.3996724486351013,0.3619915843009949,-0.3806581199169159,0.9995836019515991,0.002925187349319458,0.005684882402420044,0.01796242594718933,0.40880727767944336,0.3972181975841522,-0.4594346582889557,0.999936044216156,0.0032930374145507812,0.0075553953647613525,0.027554750442504883,0.40009862184524536,0.39483556151390076,-0.4586130678653717,0.9998680353164673,0.003282785415649414,0.007689237594604492,0.019127368927001953,0.4753720164299011,0.4157595634460449,-0.2737458348274231,0.999970555305481,0.002268493175506592,0.007099449634552002,0.03182375431060791,0.3723246455192566,0.42047634720802307,-0.2574140131473541,0.9999389052391052,0.002278059720993042,0.005731076002120972,0.005365312099456787,0.4926729202270508,0.4929563105106354,-0.21672478318214417,0.99135822057724,0.0017582476139068604,0.00925356149673462,0.03753015398979187,0.3594525456428528,0.4996492266654968,-0.18090446293354034,0.9220146536827087,0.00022405385971069336,0.00400349497795105,0.01426801085472107,0.5050550103187561,0.5734154582023621,-0.24507597088813782,0.9453691840171814,0.00042366981506347656,0.006052553653717041,0.03453955054283142,0.36349770426750183,0.587811291217804,-0.24403467774391174,0.940542459487915,0.0006726682186126709,0.0037155747413635254,0.01154404878616333,0.5167175531387329,0.5971567034721375,-0.2633642256259918,0.8878761529922485,-0.00010251998901367188,0.004502773284912109,0.03548383712768555,0.35528308153152466,0.6087062358856201,-0.26349011063575745,0.8992268443107605,0.00010460615158081055,0.0020074844360351562,0.01103222370147705,0.5111476182937622,0.5969381928443909,-0.28871673345565796,0.8937899470329285,1.800060272216797e-05,0.004052639007568359,0.035762667655944824,0.3584091067314148,0.609396755695343,-0.2967095971107483,0.9055958390235901,-0.0001361072063446045,0.0016826391220092773,0.01044166088104248,0.5051398277282715,0.5903782248497009,-0.25441932678222656,0.8681452870368958,1.996755599975586e-05,0.0042525529861450195,0.03427794575691223,0.36369213461875916,0.6033200621604919,-0.2581237554550171,0.8963236808776855,-1.9878149032592773e-05,0.0022254586219787598,0.01106908917427063,0.46198606491088867,0.530171275138855,-0.004839870147407055,0.9997572302818298,0.00016039609909057617,0.005138993263244629,0.0014416128396987915,0.40963155031204224,0.529774010181427,0.00490593770518899,0.9997345805168152,0.00027358531951904297,0.00379025936126709,-0.0014150445349514484,0.4656146466732025,0.6255733966827393,-0.2756539583206177,0.959073543548584,0.0006063878536224365,-0.000793755054473877,-0.037325888872146606,0.40365853905677795,0.6250226497650146,-0.2731238901615143,0.9737753868103027,0.0006668269634246826,-0.004601657390594482,-0.048923641443252563,0.46500545740127563,0.7582411170005798,-0.1573215126991272,0.9777885675430298,0.0003536343574523926,0.0012174248695373535,-0.04201105982065201,0.41870102286338806,0.7596168518066406,-0.1451352834701538,0.9777566194534302,-0.0003904402256011963,0.003108203411102295,-0.05199579894542694,0.4575103223323822,0.7781845331192017,-0.15349604189395905,0.8733657002449036,0.00048413872718811035,0.0006936788558959961,-0.04164019227027893,0.42931562662124634,0.778489351272583,-0.1401672065258026,0.9080255031585693,-0.0008355975151062012,0.0025613903999328613,-0.05214953422546387,0.47950634360313416,0.7951158285140991,-0.2980786859989166,0.9700947403907776,-0.0005712211132049561,-1.3113021850585938e-06,-0.0452021062374115,0.4024888575077057,0.7946616411209106,-0.2817433774471283,0.9759018421173096,0.00022369623184204102,0.0003567337989807129,-0.0595664381980896
0.4055292010307312,0.39298301935195923,-0.4917420744895935,0.99994295835495,0.0036790668964385986,0.005674272775650024,0.012640297412872314,0.41418880224227905,0.3787502646446228,-0.4817202091217041,0.9998436570167542,0.0049183666706085205,0.005992084741592407,0.011914879083633423,0.4183804988861084,0.37849533557891846,-0.4816405773162842,0.9998499751091003,0.005005180835723877,0.0060357749462127686,0.011913776397705078,0.4223831295967102,0.37815380096435547,-0.48169809579849243,0.9998664855957031,0.004777729511260986,0.0062625110149383545,0.01190805435180664,0.4050297737121582,0.3756905794143677,-0.47856730222702026,0.9997909665107727,0.003909647464752197,0.006032973527908325,0.013237208127975464,0.40294092893600464,0.37344005703926086,-0.4787072539329529,0.9997913241386414,0.003619164228439331,0.005984753370285034,0.01323196291923523,0.4010156989097595,0.3709375560283661,-0.4787154197692871,0.9998193979263306,0.003487825393676758,0.005875319242477417,0.013217777013778687,0.43300437927246094,0.3765459954738617,-0.3804822862148285,0.9998065829277039,0.003899097442626953,0.006961137056350708,0.013635069131851196,0.4033049941062927,0.36794739961624146,-0.3642323911190033,0.9996237754821777,0.0036325454711914062,0.005955815315246582,0.016425728797912598,0.4124882221221924,0.403341144323349,-0.44739943742752075,0.9999421238899231,0.0036809444427490234,0.006122946739196777,0.012035220861434937,0.40315142273902893,0.4008217751979828,-0.4447793960571289,0.9998809695243835,0.0030528008937835693,0.005986213684082031,0.013833671808242798,0.4788031578063965,0.42497363686561584,-0.25849270820617676,0.9999715685844421,0.0034311413764953613,0.009214073419570923,0.015253126621246338,0.37397244572639465,0.4278310537338257,-0.23539385199546814,0.999944806098938,0.0016478002071380615,0.007354706525802612,0.022020161151885986,0.49335765838623047,0.5041843056678772,-0.1977808028459549,0.9910925626754761,0.0006847381591796875,0.011227995157241821,0.01894398033618927,0.3626576066017151,0.5069150924682617,-0.17620983719825745,0.9291849136352539,0.0032050609588623047,0.007265865802764893,0.004694625735282898,0.5063316226005554,0.5812931656837463,-0.22805504500865936,0.9429695010185242,0.0012766122817993164,0.007877707481384277,0.017020925879478455,0.36514657735824585,0.5938287377357483,-0.24086031317710876,0.9442768692970276,0.0016488730907440186,0.006017446517944336,0.0031743645668029785,0.5167791843414307,0.6043413281440735,-0.2468523234128952,0.8826841711997986,6.16312026977539e-05,0.007184624671936035,0.01651190221309662,0.3560262620449066,0.6138514876365662,-0.2591749429702759,0.9035264849662781,0.000743180513381958,0.005145251750946045,0.004315167665481567,0.5111916661262512,0.603786289691925,-0.27326327562332153,0.8888792991638184,4.404783248901367e-05,0.00684809684753418,0.015453457832336426,0.35873061418533325,0.6135315299034119,-0.2944086492061615,0.9097756743431091,0.00032150745391845703,0.004134774208068848,0.002300947904586792,0.5052173137664795,0.5978659391403198,-0.2379177063703537,0.8628790974617004,7.748603820800781e-05,0.0074877142906188965,0.016501620411872864,0.36402809619903564,0.608112096786499,-0.25756168365478516,0.9008017182350159,0.00033596158027648926,0.00479203462600708,0.0005620718002319336,0.4626768231391907,0.5357719659805298,-0.0034872745163738728,0.9997724294662476,0.000690758228302002,0.005600690841674805,0.0013525956310331821,0.40999871492385864,0.5354825854301453,0.0036021042615175247,0.9997517466545105,0.00036716461181640625,0.005708575248718262,-0.001303833443671465,0.46566304564476013,0.6234930157661438,-0.31557697057724,0.9602031111717224,4.839897155761719e-05,-0.002080380916595459,-0.039923012256622314,0.4051002562046051,0.6236971020698547,-0.2913811504840851,0.9749822616577148,0.0014417171478271484,-0.0013255476951599121,-0.0182572603225708,0.46525558829307556,0.7581483721733093,-0.1906280815601349,0.9769821763038635,0.00025013089179992676,-9.274482727050781e-05,-0.03330656886100769,0.4184178411960602,0.7595741748809814,-0.1661701500415802,0.9772909283638,-0.00028318166732788086,-4.267692565917969e-05,-0.02103486657142639,0.45820489525794983,0.7772056460380554,-0.18573340773582458,0.8749244809150696,0.000694572925567627,-0.0009788870811462402,-0.03223736584186554,0.42846497893333435,0.7784232497215271,-0.16171739995479584,0.9070245027542114,-0.0008506476879119873,-6.61015510559082e-05,-0.021550193428993225,0.4774399697780609,0.7951475381851196,-0.3347030282020569,0.9699671268463135,-0.002066373825073242,3.170967102050781e-05,-0.03662434220314026,0.41126689314842224,0.8076188564300537,-0.3083236515522003,0.9752739667892456,0.008778035640716553,0.012957215309143066,-0.02658027410507202
0.4087047576904297,0.389870822429657,-0.47880086302757263,0.9999485015869141,0.0031755566596984863,-0.003112196922302246,0.012941211462020874,0.4175782799720764,0.3752136528491974,-0.46757540106773376,0.9998588562011719,0.0033894777297973633,-0.003536611795425415,0.014144808053970337,0.4219440519809723,0.3750170171260834,-0.4675080180168152,0.9998644590377808,0.0035635530948638916,-0.003478318452835083,0.014132559299468994,0.4261709749698639,0.3749331533908844,-0.46757230162620544,0.9998793601989746,0.0037878453731536865,-0.0032206475734710693,0.014125794172286987,0.40857648849487305,0.37349507212638855,-0.4635832905769348,0.9998114109039307,0.0035467147827148438,-0.002195507287979126,0.01498401165008545,0.4066183567047119,0.37213531136512756,-0.4637123942375183,0.9998117089271545,0.0036774277687072754,-0.0013047456741333008,0.01499485969543457,0.4048551917076111,0.3706987202167511,-0.46371808648109436,0.9998370409011841,0.0038394927978515625,-0.00023883581161499023,0.014997333288192749,0.4358980059623718,0.37651246786117554,-0.3646351993083954,0.999825119972229,0.0028936266899108887,-3.3527612686157227e-05,0.015847086906433105,0.40653640031814575,0.370797723531723,-0.3478296399116516,0.9996607303619385,0.0032314062118530273,0.0028503239154815674,0.016402751207351685,0.4159739911556244,0.40137988328933716,-0.4362645745277405,0.999947726726532,0.003485769033432007,-0.001961261034011841,0.011134862899780273,0.4060538411140442,0.399394690990448,-0.43225303292274475,0.9998927116394043,0.002902418375015259,-0.00142708420753479,0.012526363134384155,0.4790992736816406,0.4310607314109802,-0.25021952390670776,0.9999728202819824,0.0002961158752441406,0.00608709454536438,0.008273184299468994,0.37674790620803833,0.43389376997947693,-0.2226502001285553,0.999950110912323,0.0027754604816436768,0.006062716245651245,0.012743651866912842,0.49436503648757935,0.509890079498291,-0.19515284895896912,0.9911982417106628,0.001007378101348877,0.005705773830413818,0.002627953886985779,0.3650764226913452,0.5116856694221497,-0.17101365327835083,0.9357156753540039,0.002418816089630127,0.0047705769538879395,0.005196183919906616,0.5069148540496826,0.5877403616905212,-0.2316759079694748,0.9423387050628662,0.0005832314491271973,0.006447196006774902,-0.0036208629608154297,0.3660506308078766,0.5949915051460266,-0.2381075918674469,0.9477333426475525,0.0009040534496307373,0.0011627674102783203,0.0027527213096618652,0.5166102647781372,0.60931795835495,-0.25163859128952026,0.8802742958068848,-0.00016891956329345703,0.004976630210876465,-0.004786267876625061,0.3570117950439453,0.6148203015327454,-0.25803494453430176,0.9075767397880554,0.0009855329990386963,0.0009688138961791992,0.001139998435974121,0.5110026597976685,0.6076940894126892,-0.27764081954956055,0.886383593082428,-0.00018900632858276367,0.00390779972076416,-0.004377543926239014,0.36025863885879517,0.6150205731391907,-0.2893492877483368,0.9135927557945251,0.001528024673461914,0.0014890432357788086,0.005059361457824707,0.5052696466445923,0.6018034815788269,-0.24156419932842255,0.8602750897407532,5.233287811279297e-05,0.00393754243850708,-0.0036464929580688477,0.36536386609077454,0.609135091304779,-0.2518426477909088,0.904781699180603,0.0013357698917388916,0.0010229945182800293,0.005719035863876343,0.4628373682498932,0.5409942865371704,-0.002926527289673686,0.9997883439064026,0.00016054511070251465,0.005222320556640625,0.0005607472267001867,0.4101369380950928,0.5405948758125305,0.0030346172861754894,0.9997702240943909,0.00013822317123413086,0.005112290382385254,-0.0005674869753420353,0.46650251746177673,0.6262346506118774,-0.30980217456817627,0.9612035751342773,0.0008394718170166016,0.0027416348457336426,0.005774796009063721,0.40538445115089417,0.6247236728668213,-0.2929641008377075,0.9763293862342834,0.0002841949462890625,0.0010265707969665527,-0.0015829503536224365,0.466752827167511,0.7594428658485413,-0.18009218573570251,0.9763593077659607,0.0014972388744354248,0.0012944936752319336,0.010535895824432373,0.41972094774246216,0.7619131803512573,-0.16026778519153595,0.9775189757347107,0.0013031065464019775,0.002339005470275879,0.0059023648500442505,0.45863834023475647,0.7774581909179688,-0.17509648203849792,0.8773969411849976,0.0004334449768066406,0.0002525448799133301,0.01063692569732666,0.42846861481666565,0.7802478075027466,-0.15534499287605286,0.9076241254806519,3.635883331298828e-06,0.0018245577812194824,0.006372407078742981,0.47750210762023926,0.7953844666481018,-0.3228589594364166,0.9697953462600708,6.213784217834473e-05,0.00023692846298217773,0.011844068765640259,0.412658154964447,0.8102312088012695,-0.30141109228134155,0.9751099348068237,0.0013912618160247803,0.0026123523712158203,0.006912559270858765
0.4136567711830139,0.3907431364059448,-0.44047826528549194,0.9999535083770752,0.0049520134925842285,0.0008723139762878418,0.03832259774208069,0.4227702021598816,0.376126766204834,-0.4282775819301605,0.999872624874115,0.005191922187805176,0.0009131133556365967,0.03929781913757324,0.42706337571144104,0.3762207627296448,-0.42822378873825073,0.9998776316642761,0.00511932373046875,0.0012037456035614014,0.03928422927856445,0.4309850335121155,0.37640470266342163,-0.42828378081321716,0.9998910427093506,0.004814058542251587,0.0014715492725372314,0.03928852081298828,0.41232943534851074,0.37510958313941956,-0.4245479702949524,0.9998299479484558,0.0037529468536376953,0.0016145110130310059,0.03903532028198242,0.40985384583473206,0.37433144450187683,-0.4246688783168793,0.9998301863670349,0.0032354891300201416,0.0021961331367492676,0.03904351592063904,0.40761083364486694,0.37356916069984436,-0.424675315618515,0.9998530149459839,0.0027556419372558594,0.0028704404830932617,0.039042770862579346,0.43905290961265564,0.3784833550453186,-0.32296767830848694,0.9998419880867004,0.0031549036502838135,0.0019708871841430664,0.04166752099990845,0.4073750078678131,0.37438884377479553,-0.30840855836868286,0.9996940493583679,0.0008386075496673584,0.0035911202430725098,0.03942108154296875,0.4214511513710022,0.4010394513607025,-0.39800235629081726,0.9999528527259827,0.005477160215377808,-0.00034043192863464355,0.03826221823692322,0.40958040952682495,0.4006519317626953,-0.3940930962562561,0.9999033212661743,0.0035265684127807617,0.0012572407722473145,0.03815993666648865,0.4804404377937317,0.43554720282554626,-0.22009670734405518,0.9999741315841675,0.0013411641120910645,0.00448647141456604,0.030122816562652588,0.37754902243614197,0.4405067563056946,-0.18615056574344635,0.9999548196792603,0.0008011162281036377,0.006612986326217651,0.03649963438510895,0.4951322674751282,0.5125941634178162,-0.1710393875837326,0.9914470314979553,0.0007672309875488281,0.0027040839195251465,0.02411346137523651,0.36692386865615845,0.5158267021179199,-0.11667503416538239,0.9412864446640015,0.0018474459648132324,0.004141032695770264,0.054338619112968445,0.5069316625595093,0.5912042856216431,-0.21456582844257355,0.9413750171661377,1.6808509826660156e-05,0.003463923931121826,0.017110079526901245,0.36787933111190796,0.5990656614303589,-0.1694721132516861,0.9493764042854309,0.001828700304031372,0.004074156284332275,0.0686354786157608,0.5161648392677307,0.6130945086479187,-0.23450782895088196,0.8771345019340515,-0.00044542551040649414,0.00377655029296875,0.017130762338638306,0.35805758833885193,0.6191146373748779,-0.187050923705101,0.9083371758460999,0.0010457932949066162,0.004294335842132568,0.07098402082920074,0.5104219913482666,0.6110957860946655,-0.25945937633514404,0.882752001285553,-0.0005806684494018555,0.0034016966819763184,0.018181443214416504,0.36076611280441284,0.618533194065094,-0.2180374562740326,0.9142182469367981,0.0005074739456176758,0.0035126209259033203,0.0713118314743042,0.5050233602523804,0.6048459410667419,-0.2240382730960846,0.8557803630828857,-0.00024628639221191406,0.003042459487915039,0.01752592623233795,0.36597293615341187,0.6126490831375122,-0.18226267397403717,0.9051216244697571,0.0006090700626373291,0.0035139918327331543,0.06957997381687164,0.4633646607398987,0.5528870224952698,-0.0038848549593240023,0.9998019933700562,0.0005272924900054932,0.011892735958099365,-0.0009583276696503162,0.41028332710266113,0.5535125732421875,0.003996536135673523,0.9997870326042175,0.00014638900756835938,0.012917697429656982,0.0009619188494980335,0.466982901096344,0.6261284947395325,-0.3381621837615967,0.9627596139907837,0.00048038363456726074,-0.0001061558723449707,-0.02836000919342041,0.4054727554321289,0.6264454126358032,-0.3077544569969177,0.9776170253753662,8.830428123474121e-05,0.0017217397689819336,-0.014790356159210205,0.46700459718704224,0.7593632936477661,-0.1954403966665268,0.9757444262504578,0.00025177001953125,-7.957220077514648e-05,-0.01534821093082428,0.42090362310409546,0.7630292773246765,-0.1705205887556076,0.977922797203064,0.0011826753616333008,0.0011160969734191895,-0.010252803564071655,0.4586816430091858,0.7775179743766785,-0.1885894238948822,0.8809872269630432,4.330277442932129e-05,5.97834587097168e-05,-0.013492941856384277,0.42847657203674316,0.781648576259613,-0.16509632766246796,0.9106014370918274,7.957220077514648e-06,0.001400768756866455,-0.0097513347864151,0.47608232498168945,0.7953815460205078,-0.3336242437362671,0.9698046445846558,-0.0014197826385498047,-2.9206275939941406e-06,-0.010765284299850464,0.40900883078575134,0.8067114353179932,-0.31027287244796753,0.9752168655395508,-0.0036493241786956787,-0.003519773483276367,-0.008861780166625977
0.41458576917648315,0.4091419577598572,-0.44716906547546387,0.9999576807022095,0.0009289979934692383,0.018398821353912354,-0.006690800189971924,0.4236109256744385,0.3941788971424103,-0.43836259841918945,0.9998841881752014,0.0008407235145568848,0.018052130937576294,-0.01008501648902893,0.42788249254226685,0.3937498927116394,-0.4383091330528259,0.9998884201049805,0.0008191168308258057,0.01752912998199463,-0.010085344314575195,0.43180274963378906,0.39331308007240295,-0.4383869171142578,0.9999006390571594,0.000817716121673584,0.016908377408981323,-0.01010313630104065,0.41335511207580566,0.39287441968917847,-0.43240174651145935,0.9998458027839661,0.0010256767272949219,0.01776483654975891,-0.007853776216506958,0.4110186994075775,0.39151903986930847,-0.43252262473106384,0.9998458623886108,0.001164853572845459,0.01718759536743164,-0.00785374641418457,0.4089980125427246,0.39008256793022156,-0.43254390358924866,0.9998666644096375,0.001387178897857666,0.016513407230377197,-0.007868587970733643,0.4403384327888489,0.39229583740234375,-0.33785027265548706,0.9998558163642883,0.0012855231761932373,0.013812482357025146,-0.014882594347000122,0.4101142883300781,0.38743874430656433,-0.3124086260795593,0.9997223615646362,0.0027392804622650146,0.013049900531768799,-0.004000067710876465,0.4225844740867615,0.4195815324783325,-0.4052310585975647,0.9999572038650513,0.0011333227157592773,0.018542081117630005,-0.0072287023067474365,0.4111708700656891,0.41732820868492126,-0.39821183681488037,0.9999126195907593,0.0015904605388641357,0.016676276922225952,-0.004118740558624268,0.4821397662162781,0.4379660487174988,-0.22598056495189667,0.9999741315841675,0.0016993284225463867,0.0024188458919525146,-0.005883857607841492,0.3789128065109253,0.44285815954208374,-0.18462856113910675,0.9999589920043945,0.0013637840747833252,0.00235140323638916,0.0015220046043395996,0.49671539664268494,0.5134820938110352,-0.17102620005607605,0.9910856485366821,0.0015831291675567627,0.0008879303932189941,1.3187527656555176e-05,0.3666723072528839,0.5182762742042542,-0.11766821146011353,0.946315348148346,-0.00025156140327453613,0.0024495720863342285,-0.0009931772947311401,0.5062457323074341,0.5931196808815002,-0.20211634039878845,0.9341498613357544,-0.0006859302520751953,0.0019153952598571777,0.012449488043785095,0.36886078119277954,0.6010262370109558,-0.1754532903432846,0.9514507055282593,0.000981450080871582,0.001960575580596924,-0.005981177091598511,0.5133604407310486,0.613300621509552,-0.21982061862945557,0.8649711608886719,-0.002804398536682129,0.00020611286163330078,0.014687210321426392,0.35868585109710693,0.6201507449150085,-0.19238343834877014,0.9099328517913818,0.0006282627582550049,0.0010361075401306152,-0.005332514643669128,0.5089426040649414,0.6111889481544495,-0.2444515973329544,0.8707472681999207,-0.0014793872833251953,9.316205978393555e-05,0.015007779002189636,0.36110079288482666,0.6191992163658142,-0.2232905924320221,0.9158138036727905,0.00033468008041381836,0.0006660223007202148,-0.005253136157989502,0.5044305920600891,0.6044342517852783,-0.2110038548707962,0.8420482277870178,-0.0005927681922912598,-0.00041168928146362305,0.013034418225288391,0.3664519488811493,0.613875150680542,-0.18815402686595917,0.9065822958946228,0.00047901272773742676,0.0012260675430297852,-0.005891352891921997,0.46568483114242554,0.5585912466049194,-0.004485985729843378,0.9998080730438232,0.0023201704025268555,0.005704224109649658,-0.0006011307705193758,0.41126614809036255,0.5600652694702148,0.004596133716404438,0.9997940063476562,0.000982820987701416,0.006552696228027344,0.0005995975807309151,0.4692910611629486,0.6233377456665039,-0.35105547308921814,0.9643821716308594,0.0023081600666046143,-0.0027907490730285645,-0.01289328932762146,0.407216876745224,0.6263104677200317,-0.2979378402233124,0.9786077737808228,0.0017441213130950928,-0.00013494491577148438,0.009816616773605347,0.4674268364906311,0.7553672194480896,-0.20621104538440704,0.9752465486526489,0.0004222393035888672,-0.003996074199676514,-0.010770648717880249,0.42174428701400757,0.7627782821655273,-0.1710660457611084,0.9781501889228821,0.0008406639099121094,-0.0002509951591491699,-0.0005454570055007935,0.45970553159713745,0.7761185765266418,-0.1985049694776535,0.8842646479606628,0.0010238885879516602,-0.001399397850036621,-0.009915545582771301,0.4289790093898773,0.7814745306968689,-0.16568973660469055,0.9133909344673157,0.0005024373531341553,-0.00017404556274414062,-0.0005934089422225952,0.47620686888694763,0.7924007773399353,-0.339896559715271,0.9697993397712708,0.0001245439052581787,-0.0029807686805725098,-0.006272315979003906,0.40491873025894165,0.7999698519706726,-0.30637091398239136,0.9752147197723389,-0.004090100526809692,-0.006741583347320557,0.003901958465576172
0.41289669275283813,0.4149231016635895,-0.4316343367099762,0.9999613761901855,-0.0016890764236450195,0.0057811439037323,0.015534728765487671,0.42180126905441284,0.40207338333129883,-0.42405757308006287,0.9998942613601685,-0.0018096566200256348,0.00789448618888855,0.014305025339126587,0.4259159564971924,0.40165334939956665,-0.4240020215511322,0.9998976588249207,-0.001966536045074463,0.007903456687927246,0.014307111501693726,0.4299117624759674,0.40133342146873474,-0.42407602071762085,0.9999089241027832,-0.0018909871578216553,0.008020341396331787,0.014310896396636963,0.41319113969802856,0.40072041749954224,-0.4166482388973236,0.9998598694801331,-0.0001639723777770996,0.00784599781036377,0.015753507614135742,0.4113432466983795,0.3992350399494171,-0.41676878929138184,0.9998596906661987,0.00032454729080200195,0.007716000080108643,0.015753835439682007,0.4096835255622864,0.39752691984176636,-0.416797399520874,0.9998788237571716,0.0006855130195617676,0.0074443519115448,0.015746504068374634,0.44000786542892456,0.4006141424179077,-0.3295651078224182,0.9998674988746643,-0.0003305673599243164,0.008318305015563965,0.008285164833068848,0.4124273359775543,0.39371147751808167,-0.29762446880340576,0.9997473955154419,0.0023130476474761963,0.006272733211517334,0.014784157276153564,0.42002996802330017,0.426347941160202,-0.39208999276161194,0.9999610185623169,-0.0025545060634613037,0.006766408681869507,0.013141065835952759,0.41033464670181274,0.422914981842041,-0.383169025182724,0.9999209046363831,-0.0008362233638763428,0.005586773157119751,0.015042811632156372,0.48141446709632874,0.4429989159107208,-0.2213105708360672,0.9999727606773376,-0.0007252991199493408,0.005032867193222046,0.004669994115829468,0.38093453645706177,0.4442717134952545,-0.1744166612625122,0.9999628663063049,0.0020217299461364746,0.0014135539531707764,0.010211899876594543,0.4974455237388611,0.5156784653663635,-0.1631089150905609,0.9909449219703674,0.0007301270961761475,0.002196371555328369,0.007917284965515137,0.3666739761829376,0.5167297720909119,-0.1072889119386673,0.9508368372917175,1.6689300537109375e-06,-0.0015465021133422852,0.010379299521446228,0.5054536461830139,0.5921048521995544,-0.17637157440185547,0.9281525015830994,-0.000792086124420166,-0.0010148286819458008,0.025744765996932983,0.3687078356742859,0.5996275544166565,-0.1593712866306305,0.9538032412528992,-0.00015294551849365234,-0.0013986825942993164,0.016082003712654114,0.512036919593811,0.6119374632835388,-0.1894112229347229,0.8540942072868347,-0.0013235211372375488,-0.0013631582260131836,0.030409395694732666,0.3586931526660919,0.6189711689949036,-0.1741218864917755,0.9122534394264221,7.3015689849853516e-06,-0.0011795759201049805,0.01826155185699463,0.5077396631240845,0.609079897403717,-0.21411621570587158,0.8600493669509888,-0.0012029409408569336,-0.002109050750732422,0.030335381627082825,0.3611679673194885,0.6179401874542236,-0.20409922301769257,0.9180373549461365,6.717443466186523e-05,-0.0012590289115905762,0.01919136941432953,0.503482460975647,0.6026676297187805,-0.1845850944519043,0.8294466137886047,-0.0009481310844421387,-0.0017666220664978027,0.026418760418891907,0.36648279428482056,0.6124235987663269,-0.1715548038482666,0.9088247418403625,3.084540367126465e-05,-0.0014515519142150879,0.016599223017692566,0.46593695878982544,0.5663235187530518,-0.005005131475627422,0.9998113512992859,0.00025212764739990234,0.007732272148132324,-0.0005191457457840443,0.41209903359413147,0.5662128925323486,0.005106850061565638,0.9998003840446472,0.0008328855037689209,0.006147623062133789,0.0005107163451611996,0.4698491096496582,0.6259656548500061,-0.32881948351860046,0.9663170576095581,0.0005580484867095947,0.0026279091835021973,0.022235989570617676,0.40773144364356995,0.6268237829208374,-0.28215616941452026,0.9797576665878296,0.0005145668983459473,0.0005133152008056641,0.015781670808792114,0.46744880080223083,0.7556301951408386,-0.2093641757965088,0.9752824306488037,2.1964311599731445e-05,0.00026297569274902344,-0.0031531304121017456,0.42174726724624634,0.7628609538078308,-0.1746470034122467,0.978797435760498,2.9802322387695312e-06,8.26716423034668e-05,-0.0035809576511383057,0.45978665351867676,0.776508092880249,-0.2044755220413208,0.8885942697525024,8.112192153930664e-05,0.00038951635360717773,-0.005970552563667297,0.42960673570632935,0.7817173600196838,-0.17153897881507874,0.9170140624046326,0.0006277263164520264,0.0002428293228149414,-0.005849242210388184,0.47609537839889526,0.7925732135772705,-0.34230470657348633,0.970299243927002,-0.00011149048805236816,0.00017243623733520508,-0.002408146858215332,0.4001752734184265,0.7973824143409729,-0.30803224444389343,0.9758328199386597,-0.004743456840515137,-0.002587437629699707,-0.0016613304615020752
0.4169034957885742,0.41626718640327454,-0.40810665488243103,0.9999637603759766,0.004006803035736084,0.0013440847396850586,0.023527681827545166,0.42573338747024536,0.4039224088191986,-0.39934924244880676,0.9999016523361206,0.0039321184158325195,0.0018490254878997803,0.024708330631256104,0.4298807978630066,0.4036797881126404,-0.3993239402770996,0.9999035000801086,0.003964841365814209,0.0020264387130737305,0.024678081274032593,0.4337925314903259,0.40354055166244507,-0.3994157314300537,0.999914824962616,0.0038807690143585205,0.002207130193710327,0.02466028928756714,0.4161515235900879,0.4028732478618622,-0.39309826493263245,0.999870777130127,0.002960383892059326,0.0021528303623199463,0.023549973964691162,0.41391053795814514,0.4017828702926636,-0.39320939779281616,0.999869704246521,0.002567291259765625,0.00254783034324646,0.023559391498565674,0.41191744804382324,0.4005781412124634,-0.3932473063468933,0.9998883605003357,0.0022339224815368652,0.0030512213706970215,0.023550093173980713,0.44274193048477173,0.4038199484348297,-0.3035014271736145,0.9998739957809448,0.002734065055847168,0.003205806016921997,0.02606368064880371,0.4144064486026764,0.39793381094932556,-0.27645397186279297,0.9997653961181641,0.0019791126251220703,0.0042223334312438965,0.021170496940612793,0.4245106279850006,0.42656072974205017,-0.36838236451148987,0.9999637603759766,0.0044806599617004395,0.00021278858184814453,0.02370762825012207,0.4139184057712555,0.4254959523677826,-0.3607972264289856,0.9999278783798218,0.003583759069442749,0.002580970525741577,0.022371798753738403,0.4812850058078766,0.44584476947784424,-0.203828364610672,0.9999693036079407,-0.00012946128845214844,0.002845853567123413,0.017482206225395203,0.3825325071811676,0.4485984146595001,-0.16320107877254486,0.9999660849571228,0.001597970724105835,0.0043267011642456055,0.011215582489967346,0.4974023699760437,0.517911434173584,-0.17278125882148743,0.9902710914611816,-4.315376281738281e-05,0.002232968807220459,-0.009672343730926514,0.36705294251441956,0.5196195244789124,-0.11238082498311996,0.9545895457267761,0.0003789663314819336,0.0028897523880004883,-0.005091913044452667,0.5049839019775391,0.5928285121917725,-0.21036939322948456,0.9211797118186951,-0.0004697442054748535,0.0007236599922180176,-0.03399781882762909,0.3686249852180481,0.5979962944984436,-0.1712336540222168,0.9547280669212341,-8.285045623779297e-05,-0.0016312599182128906,-0.011862367391586304,0.5118248462677002,0.6113080382347107,-0.22901375591754913,0.8421635031700134,-0.00021207332611083984,-0.000629425048828125,-0.03960253298282623,0.359571248292923,0.6172236800193787,-0.18916240334510803,0.9119248986244202,0.0008780956268310547,-0.0017474889755249023,-0.01504051685333252,0.5075905323028564,0.6103416085243225,-0.25335830450057983,0.8481910228729248,-0.00014913082122802734,0.0012617111206054688,-0.03924208879470825,0.3620116710662842,0.6163504123687744,-0.21776990592479706,0.9177337884902954,0.0008437037467956543,-0.0015897750854492188,-0.013670682907104492,0.5031735897064209,0.6037985682487488,-0.21942946314811707,0.8157041072845459,-0.0003088712692260742,0.0011309385299682617,-0.03484436869621277,0.3668422996997833,0.6107078194618225,-0.18332268297672272,0.9081084132194519,0.00035950541496276855,-0.0017157793045043945,-0.011767879128456116,0.46544188261032104,0.571829080581665,-0.0030469861812889576,0.9998075366020203,-0.0004950761795043945,0.005505561828613281,0.0019581452943384647,0.4120449423789978,0.5726045966148376,0.0031895122956484556,0.9998044967651367,-5.409121513366699e-05,0.006391704082489014,-0.001917337765917182,0.47234606742858887,0.6259456276893616,-0.33537963032722473,0.9677358269691467,0.002496957778930664,-2.002716064453125e-05,-0.006560146808624268,0.40793466567993164,0.6251955032348633,-0.31434351205825806,0.9807414412498474,0.00020322203636169434,-0.001628279685974121,-0.03218734264373779,0.4676757752895355,0.755580484867096,-0.22175785899162292,0.973956823348999,0.0002269744873046875,-4.971027374267578e-05,-0.012393683195114136,0.4218922257423401,0.7631399035453796,-0.2133815586566925,0.9791552424430847,0.00014495849609375,0.0002789497375488281,-0.0387345552444458,0.4604925513267517,0.7764513492584229,-0.2168724089860916,0.8900671005249023,0.0007058978080749512,-5.6743621826171875e-05,-0.012396886944770813,0.4302191734313965,0.7823061347007751,-0.21008308231830597,0.9183304309844971,0.0006124377250671387,0.0005887746810913086,-0.038544103503227234,0.4761505722999573,0.7922335267066956,-0.3556016981601715,0.9701156616210938,5.519390106201172e-05,-0.00033968687057495117,-0.01329699158668518,0.40033286809921265,0.7965955138206482,-0.3527648150920868,0.9760797619819641,0.0001575946807861328,-0.000786900520324707,-0.04473257064819336
0.42074838280677795,0.4228258430957794,-0.3774867057800293,0.9999655485153198,0.0038448870182037354,0.006558656692504883,0.030619949102401733,0.4287845194339752,0.4105377495288849,-0.36919790506362915,0.9999080300331116,0.0030511319637298584,0.006615340709686279,0.030151337385177612,0.43278226256370544,0.4103899896144867,-0.36918818950653076,0.9999082684516907,0.0029014647006988525,0.0067102015018463135,0.030135750770568848,0.4365280568599701,0.4102778136730194,-0.36927810311317444,0.9999193549156189,0.002735525369644165,0.006737262010574341,0.030137628316879272,0.41835275292396545,0.4089861810207367,-0.3654632270336151,0.9998803734779358,0.0022012293338775635,0.006112933158874512,0.027635037899017334,0.4156946539878845,0.4077054560184479,-0.3655678629875183,0.9998787045478821,0.0017841160297393799,0.005922585725784302,0.02764153480529785,0.4134971499443054,0.4064287841320038,-0.36560600996017456,0.9998968243598938,0.0015797019004821777,0.005850642919540405,0.02764129638671875,0.4453192353248596,0.4092014729976654,-0.2687186300754547,0.9998782277107239,0.0025773048400878906,0.005381524562835693,0.03478279709815979,0.4144066274166107,0.4028894603252411,-0.2530437111854553,0.9997820258140564,1.7881393432617188e-07,0.004955649375915527,0.023410260677337646,0.4281670153141022,0.4330674409866333,-0.33488649129867554,0.999966025352478,0.0036563873291015625,0.00650671124458313,0.03349587321281433,0.4166460633277893,0.4321953058242798,-0.33066558837890625,0.9999340772628784,0.0027276575565338135,0.006699353456497192,0.030131638050079346,0.48162561655044556,0.4480416178703308,-0.16168442368507385,0.999967634677887,0.0003406107425689697,0.0021968483924865723,0.042143940925598145,0.3831493854522705,0.45375028252601624,-0.14191213250160217,0.999968945980072,0.0006168782711029053,0.005151867866516113,0.021288946270942688,0.4977506697177887,0.5171237587928772,-0.12707434594631195,0.9884900450706482,0.0003482997417449951,-0.0007876753807067871,0.045706912875175476,0.3669387996196747,0.5229635834693909,-0.09752759337425232,0.9579452276229858,-0.00011414289474487305,0.0033440589904785156,0.014853231608867645,0.5037928819656372,0.5903592705726624,-0.1863662749528885,0.9119563698768616,-0.0011910200119018555,-0.0024692416191101074,0.02400311827659607,0.3685689866542816,0.5994060635566711,-0.16548395156860352,0.9554009437561035,-5.599856376647949e-05,0.001409769058227539,0.005749702453613281,0.5118135809898376,0.6088293194770813,-0.20747151970863342,0.8276432156562805,-1.1265277862548828e-05,-0.0024787187576293945,0.02154223620891571,0.3599037528038025,0.6170139312744141,-0.1851232647895813,0.9116332530975342,0.0003325045108795166,-0.0002097487449645996,0.004039138555526733,0.5073967576026917,0.607742428779602,-0.2303580790758133,0.8340408802032471,-0.00019377470016479492,-0.002599179744720459,0.02300022542476654,0.3624572157859802,0.6158122420310974,-0.21345698833465576,0.9176483750343323,0.0004455447196960449,-0.000538170337677002,0.004312917590141296,0.5022673606872559,0.6013153791427612,-0.19600458443164825,0.800851583480835,-0.0009062290191650391,-0.002483189105987549,0.02342487871646881,0.3669445514678955,0.6105011701583862,-0.17736946046352386,0.9077802300453186,0.00010225176811218262,-0.0002066493034362793,0.0059532225131988525,0.46527180075645447,0.5767110586166382,-0.0014270490501075983,0.9998072981834412,-0.00017008185386657715,0.0048819780349731445,0.0016199371311813593,0.4116891920566559,0.5787228941917419,0.0016100533539429307,0.9998083710670471,-0.00035575032234191895,0.006118297576904297,-0.001579458941705525,0.47286057472229004,0.6242210268974304,-0.34071123600006104,0.9696150422096252,0.0005145072937011719,-0.0017246007919311523,-0.005331605672836304,0.4085734486579895,0.622148334980011,-0.3252359628677368,0.9816359877586365,0.0006387829780578613,-0.003047168254852295,-0.01089245080947876,0.4701352119445801,0.7544199228286743,-0.24207182228565216,0.9740532040596008,0.0024594366550445557,-0.0011605620384216309,-0.020313963294029236,0.42185503244400024,0.7644985318183899,-0.23039484024047852,0.9797895550727844,-3.719329833984375e-05,0.001358628273010254,-0.01701328158378601,0.46291813254356384,0.775623619556427,-0.23782089352607727,0.8949364423751831,0.002425581216812134,-0.0008277297019958496,-0.020948484539985657,0.4304415285587311,0.7834055423736572,-0.22669807076454163,0.9206673502922058,0.00022235512733459473,0.00109940767288208,-0.016614988446235657,0.4768680930137634,0.7923611402511597,-0.3768986165523529,0.9711280465126038,0.0007175207138061523,0.00012761354446411133,-0.021296918392181396,0.4082005023956299,0.808393120765686,-0.37097448110580444,0.9765563607215881,0.007867634296417236,0.011797606945037842,-0.01820966601371765
0.42322105169296265,0.42241188883781433,-0.3770102858543396,0.9999677538871765,0.0024726688861846924,-0.0004139542579650879,0.00047641992568969727,0.4313969612121582,0.4103916585445404,-0.36737602949142456,0.9999147653579712,0.0026124417781829834,-0.00014609098434448242,0.0018218755722045898,0.4354282021522522,0.4104841351509094,-0.3673628270626068,0.9999138712882996,0.002645939588546753,9.414553642272949e-05,0.0018253624439239502,0.4390941560268402,0.4107069671154022,-0.3674485981464386,0.9999246597290039,0.002566099166870117,0.0004291534423828125,0.0018295049667358398,0.4206266403198242,0.4085870683193207,-0.36371609568595886,0.999890148639679,0.0022738873958587646,-0.0003991127014160156,0.00174713134765625,0.41788020730018616,0.4073129892349243,-0.3638281226158142,0.9998881220817566,0.0021855533123016357,-0.00039246678352355957,0.0017397403717041016,0.41549521684646606,0.40601545572280884,-0.3638610243797302,0.9999054074287415,0.0019980669021606445,-0.0004133284091949463,0.001744985580444336,0.4474254250526428,0.4118548631668091,-0.26551932096481323,0.9998842477798462,0.002106189727783203,0.0026533901691436768,0.0031993091106414795,0.4154365062713623,0.4042529761791229,-0.25045615434646606,0.9997994899749756,0.001029878854751587,0.001363515853881836,0.002587556838989258,0.43018054962158203,0.4322499632835388,-0.33461323380470276,0.9999684691429138,0.0020135343074798584,-0.0008174777030944824,0.0002732574939727783,0.4184553027153015,0.4322480857372284,-0.3305363059043884,0.999940037727356,0.001809239387512207,5.27799129486084e-05,0.00012928247451782227,0.48116549849510193,0.45039838552474976,-0.16317418217658997,0.9999662041664124,-0.00046011805534362793,0.0023567676544189453,-0.0014897584915161133,0.3843834102153778,0.4564271867275238,-0.14149515330791473,0.9999715685844421,0.0012340247631072998,0.0026769042015075684,0.00041697919368743896,0.4980592131614685,0.5166038274765015,-0.13250286877155304,0.9874967336654663,0.00030854344367980957,-0.0005199313163757324,-0.005428522825241089,0.3668529689311981,0.523892343044281,-0.09922715276479721,0.9610551595687866,-8.58306884765625e-05,0.0009287595748901367,-0.0016995593905448914,0.5029743313789368,0.5918315649032593,-0.19019177556037903,0.903965413570404,-0.0008185505867004395,0.0014722943305969238,-0.0038255006074905396,0.3683176636695862,0.5989731550216675,-0.16754910349845886,0.9557597041130066,-0.00025132298469543457,-0.0004329085350036621,-0.0020651519298553467,0.5114743709564209,0.6091387867927551,-0.21136470139026642,0.8144047856330872,-0.00033921003341674805,0.0003094673156738281,-0.0038931816816329956,0.3600863814353943,0.6169351935386658,-0.18800756335258484,0.9105093479156494,0.00018262863159179688,-7.873773574829102e-05,-0.00288429856300354,0.5068594217300415,0.6083704829216003,-0.234267920255661,0.8207914233207703,-0.0005373358726501465,0.000628054141998291,-0.003909841179847717,0.3629840016365051,0.6156187057495117,-0.21529555320739746,0.916650116443634,0.0005267858505249023,-0.00019353628158569336,-0.0018385648727416992,0.5014830827713013,0.6024129986763,-0.19974274933338165,0.7864434123039246,-0.0007842779159545898,0.0010976195335388184,-0.0037381649017333984,0.3670712113380432,0.6101628541946411,-0.17904889583587646,0.9063173532485962,0.00012665987014770508,-0.0003383159637451172,-0.0016794353723526,0.46510204672813416,0.5810056328773499,-0.000766187091358006,0.9998102784156799,-0.0001697540283203125,0.00429457426071167,0.0006608619587495923,0.4118545949459076,0.5828357338905334,0.0009464084287174046,0.999815821647644,0.00016540288925170898,0.004112839698791504,-0.0006636449252255261,0.4734020233154297,0.6259618997573853,-0.3402596116065979,0.9713214039802551,0.0005414485931396484,0.001740872859954834,0.00045162439346313477,0.4085240364074707,0.6223505139350891,-0.33059942722320557,0.9825323820114136,-4.941225051879883e-05,0.000202178955078125,-0.00536346435546875,0.4716225266456604,0.7544400095939636,-0.23759837448596954,0.9739861488342285,0.0014873147010803223,2.008676528930664e-05,0.004473447799682617,0.42182478308677673,0.765557587146759,-0.23421743512153625,0.9806203842163086,-3.0249357223510742e-05,0.0010590553283691406,-0.0038225948810577393,0.4635094106197357,0.7756361365318298,-0.23339474201202393,0.8989077806472778,0.000591278076171875,1.2516975402832031e-05,0.004426151514053345,0.4304177165031433,0.7832931876182556,-0.23079147934913635,0.9240384101867676,-2.3812055587768555e-05,-0.00011235475540161133,-0.0040934085845947266,0.47807422280311584,0.7935711741447449,-0.37299734354019165,0.971906304359436,0.001206129789352417,0.001210033893585205,0.003901273012161255,0.4065248370170593,0.8017569184303284,-0.37582021951675415,0.9774860143661499,-0.0016756653785705566,-0.006636202335357666,-0.004845738410949707
0.424199640750885,0.4285208284854889,-0.33371272683143616,0.9999699592590332,0.0009785890579223633,0.0061089396476745605,0.04329755902290344,0.4323074221611023,0.41720306873321533,-0.3256169557571411,0.999921441078186,0.0009104609489440918,0.006811410188674927,0.04175907373428345,0.43645304441452026,0.4175031781196594,-0.3255997598171234,0.9999197721481323,0.0010248422622680664,0.00701904296875,0.0417630672454834,0.44021400809288025,0.4179087281227112,-0.32568269968032837,0.9999300837516785,0.001119852066040039,0.00720176100730896,0.04176589846611023,0.4217682480812073,0.4151556193828583,-0.32287710905075073,0.9998993277549744,0.0011416077613830566,0.006568551063537598,0.04083898663520813,0.4191044867038727,0.4140954911708832,-0.32297423481941223,0.9998971223831177,0.0012242794036865234,0.006782501935958862,0.04085388779640198,0.41665562987327576,0.41290852427482605,-0.3229984641075134,0.9999134540557861,0.0011604130268096924,0.006893068552017212,0.0408625602722168,0.44898003339767456,0.4187992215156555,-0.22615647315979004,0.999890923500061,0.0015546083450317383,0.0069443583488464355,0.03936284780502319,0.41653671860694885,0.409790962934494,-0.21514591574668884,0.9998160004615784,0.0011002123355865479,0.005537986755371094,0.03531023859977722,0.43099313974380493,0.4386734962463379,-0.2912403643131256,0.9999708533287048,0.0008125901222229004,0.006423532962799072,0.04337286949157715,0.41939297318458557,0.43809130787849426,-0.288361132144928,0.9999455213546753,0.0009376704692840576,0.005843222141265869,0.04217517375946045,0.4808571934700012,0.4547778367996216,-0.12128134816884995,0.9999660849571228,-0.000308305025100708,0.004379451274871826,0.04189283400774002,0.3860848546028137,0.45895278453826904,-0.11218483746051788,0.9999739527702332,0.001701444387435913,0.0025255978107452393,0.02931031584739685,0.4979681074619293,0.5203712582588196,-0.08353064209222794,0.9854673147201538,-9.110569953918457e-05,0.0037674307823181152,0.048972226679325104,0.3669755756855011,0.5275487303733826,-0.07372909784317017,0.9634763598442078,0.00012260675430297852,0.0036563873291015625,0.025498054921627045,0.5028756856918335,0.5943558216094971,-0.13949784636497498,0.8963013291358948,-9.864568710327148e-05,0.002524256706237793,0.05069392919540405,0.36830464005470276,0.5983620285987854,-0.1412336528301239,0.9557622671127319,-1.3023614883422852e-05,-0.0006111264228820801,0.02631545066833496,0.511687159538269,0.6101343035697937,-0.15860633552074432,0.8032026886940002,0.00021278858184814453,0.0009955167770385742,0.052758365869522095,0.3602992296218872,0.6166542768478394,-0.16049134731292725,0.9093125462532043,0.00021284818649291992,-0.000280916690826416,0.027516216039657593,0.5074557065963745,0.6098529696464539,-0.18210184574127197,0.8103094696998596,0.0005962848663330078,0.0014824867248535156,0.05216607451438904,0.36348554491996765,0.615558385848999,-0.18767116963863373,0.9157671332359314,0.0005015432834625244,-6.031990051269531e-05,0.027624383568763733,0.5021011233329773,0.6044818758964539,-0.14950235188007355,0.7757709622383118,0.0006180405616760254,0.0020688772201538086,0.050240397453308105,0.36743810772895813,0.610075831413269,-0.1524810642004013,0.9052276015281677,0.000366896390914917,-8.702278137207031e-05,0.02656783163547516,0.46485885977745056,0.5876885056495667,0.00034088079701177776,0.9998151063919067,-0.00024318695068359375,0.006682872772216797,0.0011070678883697838,0.4119234085083008,0.5898294448852539,-0.00014410160656552762,0.9998220801353455,6.881356239318848e-05,0.006993710994720459,-0.0010905100352829322,0.47579169273376465,0.6259182691574097,-0.34035974740982056,0.9735170602798462,0.002389669418334961,-4.363059997558594e-05,-0.00010013580322265625,0.4069747030735016,0.62245112657547,-0.33402401208877563,0.983746349811554,-0.0015493333339691162,0.00010061264038085938,-0.0034245848655700684,0.47160249948501587,0.754516065120697,-0.24372954666614532,0.9750604629516602,-2.002716064453125e-05,7.605552673339844e-05,-0.006131172180175781,0.42147260904312134,0.7645137310028076,-0.24302896857261658,0.9817193746566772,-0.0003521740436553955,-0.001043856143951416,-0.008811533451080322,0.46377795934677124,0.7754669189453125,-0.23924580216407776,0.9048396944999695,0.00026854872703552246,-0.00016921758651733398,-0.005851060152053833,0.42993053793907166,0.781389057636261,-0.23887109756469727,0.9285793900489807,-0.0004871785640716553,-0.001904129981994629,-0.008079618215560913,0.47820037603378296,0.7935901284217834,-0.3726482391357422,0.9733956456184387,0.00012615323066711426,1.895427703857422e-05,0.0003491044044494629,0.40437573194503784,0.7970634698867798,-0.37707048654556274,0.978746235370636,-0.0021491050720214844,-0.004693448543548584,-0.0012502670288085938
0.42802485823631287,0.429151326417923,-0.3318360447883606,0.9999723434448242,0.0038252174854278564,0.000630497932434082,0.0018766820430755615,0.4356554448604584,0.4168557822704315,-0.3210533857345581,0.9999282956123352,0.003348022699356079,-0.0003472864627838135,0.004563570022583008,0.4396299421787262,0.41702163219451904,-0.3210533559322357,0.9999263882637024,0.0031768977642059326,-0.00048154592514038086,0.004546403884887695,0.44325560331344604,0.417274534702301,-0.32112959027290344,0.9999359250068665,0.003041595220565796,-0.0006341934204101562,0.004553109407424927,0.4247724413871765,0.4161398708820343,-0.3190611004829407,0.9999082684516907,0.0030041933059692383,0.0009842514991760254,0.0038160085678100586,0.42194491624832153,0.4154871106147766,-0.31917786598205566,0.999906063079834,0.0028404295444488525,0.0013916194438934326,0.0037963688373565674,0.419328510761261,0.41469115018844604,-0.31921377778053284,0.9999212026596069,0.0026728808879852295,0.0017826259136199951,0.003784686326980591,0.4514065384864807,0.41831839084625244,-0.21147148311138153,0.9998990893363953,0.0024265050888061523,-0.00048083066940307617,0.014684990048408508,0.41757193207740784,0.4127158522605896,-0.20401720702648163,0.9998321533203125,0.0010352134704589844,0.002924889326095581,0.011128708720207214,0.434935986995697,0.4389318823814392,-0.28616735339164734,0.9999733567237854,0.00394284725189209,0.00025838613510131836,0.0050730109214782715,0.42271938920021057,0.440023273229599,-0.28437280654907227,0.999950647354126,0.003326416015625,0.0019319653511047363,0.003988325595855713,0.48110026121139526,0.45863673090934753,-0.10340927541255951,0.999965488910675,0.00024306774139404297,0.003858894109725952,0.017872072756290436,0.38712480664253235,0.4627733528614044,-0.09533963352441788,0.9999758005142212,0.001039952039718628,0.003820568323135376,0.016845203936100006,0.49746957421302795,0.525844395160675,-0.0693100094795227,0.9835036993026733,-0.0004985332489013672,0.005473136901855469,0.01422063261270523,0.36737680435180664,0.5305460691452026,-0.0597318597137928,0.9652677178382874,0.000401228666305542,0.0029973387718200684,0.013997238129377365,0.502590537071228,0.5955936312675476,-0.14096511900424957,0.891004741191864,-0.00028514862060546875,0.0012378096580505371,-0.0014672726392745972,0.36830365657806396,0.5977159738540649,-0.138507679104805,0.9554751515388489,-9.834766387939453e-07,-0.000646054744720459,0.0027259737253189087,0.511688768863678,0.6101439595222473,-0.1625221073627472,0.7958766222000122,1.6093254089355469e-06,9.655952453613281e-06,-0.003915771842002869,0.36083728075027466,0.6163684725761414,-0.1598283350467682,0.908183753490448,0.0005380511283874512,-0.00028580427169799805,0.0006630122661590576,0.5075342059135437,0.6097843050956726,-0.1881582885980606,0.8036473989486694,7.849931716918945e-05,-6.866455078125e-05,-0.006056442856788635,0.36393311619758606,0.6154888868331909,-0.18694455921649933,0.9149147868156433,0.0004475712776184082,-6.949901580810547e-05,0.0007266104221343994,0.5021689534187317,0.6045142412185669,-0.15190210938453674,0.7687819004058838,6.783008575439453e-05,3.236532211303711e-05,-0.002399757504463196,0.3679671585559845,0.609856903553009,-0.14962075650691986,0.9041690826416016,0.0005290508270263672,-0.00021892786026000977,0.0028603076934814453,0.46480417251586914,0.5934334993362427,-0.00033704726956784725,0.9998156428337097,-5.46872615814209e-05,0.005744993686676025,-0.000677928066579625,0.41186580061912537,0.5956692099571228,0.0005011592293158174,0.999825119972229,-5.760788917541504e-05,0.0058397650718688965,0.000645260835881345,0.47514471411705017,0.6240180134773254,-0.3570745587348938,0.975455105304718,-0.0006469786167144775,-0.0019002556800842285,-0.016714811325073242,0.40544193983078003,0.6208540201187134,-0.3464904725551605,0.984672486782074,-0.0015327632427215576,-0.0015971064567565918,-0.012466460466384888,0.471499502658844,0.7563683390617371,-0.29980480670928955,0.9759429097175598,-0.000102996826171875,0.001852273941040039,-0.056075260043144226,0.4208734929561615,0.7636354565620422,-0.28426697850227356,0.982452929019928,-0.0005991160869598389,-0.0008782744407653809,-0.04123800992965698,0.46351590752601624,0.7769573330879211,-0.30062443017959595,0.9109153151512146,-0.0002620518207550049,0.0014904141426086426,-0.06137862801551819,0.4284052848815918,0.7808820605278015,-0.284395307302475,0.9326945543289185,-0.0015252530574798584,-0.0005069971084594727,-0.04552420973777771,0.4779074788093567,0.7939608693122864,-0.4442618489265442,0.9749646782875061,-0.00029289722442626953,0.0003707408905029297,-0.071613609790802,0.40441471338272095,0.7948625087738037,-0.43267160654067993,0.9797231554985046,3.898143768310547e-05,-0.0022009611129760742,-0.05560111999511719
0.42652830481529236,0.43336597084999084,-0.2968783974647522,0.9999747276306152,-0.0014965534210205078,0.004214644432067871,0.0349576473236084,0.4342257082462311,0.4211362898349762,-0.28750285506248474,0.9999347925186157,-0.001429736614227295,0.004280507564544678,0.033550530672073364,0.43818098306655884,0.4213514029979706,-0.28748634457588196,0.9999329447746277,-0.0014489591121673584,0.004329770803451538,0.03356701135635376,0.44183874130249023,0.42162007093429565,-0.28754979372024536,0.9999415874481201,-0.0014168620109558105,0.004345536231994629,0.03357979655265808,0.42422914505004883,0.4197250306606293,-0.2832951843738556,0.9999165534973145,-0.0005432963371276855,0.0035851597785949707,0.03576591610908508,0.421694815158844,0.41864344477653503,-0.2834015488624573,0.9999145269393921,-0.00025010108947753906,0.003156334161758423,0.03577631711959839,0.41927236318588257,0.41739600896835327,-0.2834300696849823,0.99992835521698,-5.614757537841797e-05,0.0027048587799072266,0.03578370809555054,0.4503867030143738,0.42288050055503845,-0.1867946982383728,0.9999075531959534,-0.0010198354721069336,0.004562109708786011,0.024676784873008728,0.4193155765533447,0.415189266204834,-0.16932043433189392,0.9998471736907959,0.0017436444759368896,0.0024734139442443848,0.03469677269458771,0.4332277774810791,0.44409793615341187,-0.25494831800460815,0.9999758005142212,-0.00170820951461792,0.005166053771972656,0.031219035387039185,0.4219051003456116,0.4441865384578705,-0.2502589821815491,0.9999553561210632,-0.000814288854598999,0.004163265228271484,0.03411382436752319,0.4814118444919586,0.4648270905017853,-0.0887233167886734,0.9999656677246094,0.0003115832805633545,0.006190359592437744,0.014685958623886108,0.38841181993484497,0.4656442701816559,-0.07183562219142914,0.9999776482582092,0.001287013292312622,0.002870917320251465,0.02350401133298874,0.4970618188381195,0.531827986240387,-0.07315084338188171,0.9823904037475586,-0.00040775537490844727,0.005983591079711914,-0.003840833902359009,0.3673044741153717,0.5309226512908936,-0.048987459391355515,0.9671100378036499,-7.233023643493652e-05,0.00037658214569091797,0.010744400322437286,0.5025352835655212,0.5971190333366394,-0.158167764544487,0.8902471661567688,-5.525350570678711e-05,0.0015254020690917969,-0.017202645540237427,0.36812713742256165,0.5974689722061157,-0.14310720562934875,0.9557598829269409,-0.00017651915550231934,-0.00024700164794921875,-0.004599526524543762,0.5112462639808655,0.6105414628982544,-0.18167661130428314,0.7961664199829102,-0.0004425048828125,0.0003975033760070801,-0.01915450394153595,0.36079514026641846,0.6160832047462463,-0.16653597354888916,0.9086335301399231,-4.214048385620117e-05,-0.00028526782989501953,-0.006707638502120972,0.5075333714485168,0.6097181439399719,-0.2057887315750122,0.804537832736969,-8.344650268554688e-07,-6.61611557006836e-05,-0.0176304429769516,0.363834410905838,0.615433931350708,-0.19098511338233948,0.9154850244522095,-9.870529174804688e-05,-5.4955482482910156e-05,-0.004040554165840149,0.5022565722465515,0.6046761870384216,-0.16868332028388977,0.7695791125297546,8.761882781982422e-05,0.00016194581985473633,-0.016781210899353027,0.3677792549133301,0.6095446944236755,-0.1536819487810135,0.9045699238777161,-0.00018790364265441895,-0.0003122091293334961,-0.004061192274093628,0.4643736779689789,0.5976575016975403,-0.0007581012323498726,0.9998192191123962,-0.0004304945468902588,0.004224002361297607,-0.00042105396278202534,0.41184788942337036,0.5990425944328308,0.0009086778154596686,0.9998305439949036,-1.7911195755004883e-05,0.003373384475708008,0.0004075185861438513,0.4747557044029236,0.6209545731544495,-0.36481454968452454,0.9774712324142456,-0.0003890097141265869,-0.0030634403228759766,-0.007739990949630737,0.40396443009376526,0.6203257441520691,-0.3472951054573059,0.9857785105705261,-0.0014775097370147705,-0.0005282759666442871,-0.0008046329021453857,0.4712746739387512,0.7562056183815002,-0.28461918234825134,0.9773752093315125,-0.00022482872009277344,-0.0001627206802368164,0.015185624361038208,0.42133140563964844,0.7617619037628174,-0.27244049310684204,0.9834872484207153,0.0004579126834869385,-0.0018735527992248535,0.011826485395431519,0.46347588300704956,0.7760220170021057,-0.2823706865310669,0.9171997308731079,-4.0024518966674805e-05,-0.0009353160858154297,0.018253743648529053,0.42851266264915466,0.7799865007400513,-0.270757794380188,0.9368679523468018,0.00010737776756286621,-0.0008955597877502441,0.013637512922286987,0.47688499093055725,0.7938467860221863,-0.42098626494407654,0.9766680002212524,-0.0010224878787994385,-0.00011408329010009766,0.02327558398246765,0.4050443768501282,0.7931868433952332,-0.41603413224220276,0.9809158444404602,0.0006296634674072266,-0.0016756653785705566,0.016637474298477173
0.4278388023376465,0.4353328347206116,-0.289913535118103,0.9999771118164062,0.001310497522354126,0.0019668638706207275,0.00696486234664917,0.435481458902359,0.4233776032924652,-0.27837711572647095,0.9999409914016724,0.0012557506561279297,0.0022413134574890137,0.009125739336013794,0.43935495615005493,0.4234877824783325,-0.2783655822277069,0.9999392628669739,0.0011739730834960938,0.0021363794803619385,0.009120762348175049,0.4428412914276123,0.4236793518066406,-0.2784212827682495,0.9999470114707947,0.0010025501251220703,0.0020592808723449707,0.00912851095199585,0.42534589767456055,0.4218132793903351,-0.2765311002731323,0.9999244809150696,0.0011167526245117188,0.0020882487297058105,0.006764084100723267,0.4227732717990875,0.42054566740989685,-0.2766478657722473,0.9999226927757263,0.0010784566402435303,0.0019022226333618164,0.006753683090209961,0.42027202248573303,0.4190768003463745,-0.2766684293746948,0.9999351501464844,0.0009996592998504639,0.0016807913780212402,0.006761640310287476,0.45064371824264526,0.42472314834594727,-0.171973317861557,0.9999159574508667,0.0002570152282714844,0.0018426477909088135,0.014821380376815796,0.4198012351989746,0.41712209582328796,-0.1660502701997757,0.9998617172241211,0.0004856586456298828,0.0019328296184539795,0.003270164132118225,0.4345785677433014,0.4458228349685669,-0.2464713752269745,0.9999781250953674,0.00135079026222229,0.0017248988151550293,0.008476942777633667,0.42314571142196655,0.44571825861930847,-0.24514329433441162,0.9999597072601318,0.0012406110763549805,0.0015317201614379883,0.005115687847137451,0.48130732774734497,0.47029146552085876,-0.07615746557712555,0.999966561794281,-0.00010451674461364746,0.005464375019073486,0.012565851211547852,0.38865014910697937,0.4694339632987976,-0.07449717819690704,0.9999794363975525,0.00023832917213439941,0.0037896931171417236,-0.0026615560054779053,0.49558836221694946,0.5389319062232971,-0.07293306291103363,0.9815035462379456,-0.001473456621170044,0.007103919982910156,0.0002177804708480835,0.3670670986175537,0.5338916182518005,-0.07407652586698532,0.9687119722366333,-0.00023737549781799316,0.0029689669609069824,-0.025089066475629807,0.5023150444030762,0.5988567471504211,-0.17134809494018555,0.8912075161933899,-0.00022023916244506836,0.0017377138137817383,-0.013180330395698547,0.36791878938674927,0.5973935723304749,-0.1992105096578598,0.9552900195121765,-0.00020834803581237793,-7.539987564086914e-05,-0.05610330402851105,0.5108892917633057,0.6107933521270752,-0.1937226951122284,0.799227774143219,-0.00035697221755981445,0.0002518892288208008,-0.012046083807945251,0.36075371503829956,0.6158551573753357,-0.2282382994890213,0.9085015654563904,-4.1425228118896484e-05,-0.00022804737091064453,-0.06170232594013214,0.50758296251297,0.6095195412635803,-0.21822598576545715,0.807903528213501,4.9591064453125e-05,-0.00019860267639160156,-0.012437254190444946,0.3639921247959137,0.6151044964790344,-0.2494523525238037,0.9155794978141785,0.0001577138900756836,-0.000329434871673584,-0.05846723914146423,0.5023170113563538,0.6052083969116211,-0.1818591058254242,0.7729327082633972,6.0439109802246094e-05,0.0005322098731994629,-0.013175785541534424,0.36788123846054077,0.6094945669174194,-0.20926418900489807,0.904334545135498,0.00010198354721069336,-5.0127506256103516e-05,-0.05558224022388458,0.4632236361503601,0.6005715131759644,-0.0006633194861933589,0.9998247027397156,-0.0011500418186187744,0.0029140114784240723,9.478174615651369e-05,0.41175398230552673,0.6039901375770569,0.0008491771295666695,0.9998387694358826,-9.390711784362793e-05,0.004947543144226074,-5.950068589299917e-05,0.4724397659301758,0.6176552176475525,-0.36862096190452576,0.9794554114341736,-0.0023159384727478027,-0.0032993555068969727,-0.0038064122200012207,0.4041309952735901,0.6209190487861633,-0.34584707021713257,0.9868187308311462,0.0001665651798248291,0.0005933046340942383,0.0014480352401733398,0.47246280312538147,0.7551705241203308,-0.29715797305107117,0.9789837002754211,0.001188129186630249,-0.0010350942611694336,-0.012538790702819824,0.4216541647911072,0.7626047730445862,-0.27905282378196716,0.9845826029777527,0.00032275915145874023,0.0008428692817687988,-0.006612330675125122,0.46576443314552307,0.7750075459480286,-0.2961187958717346,0.9237281680107117,0.0022885501384735107,-0.0010144710540771484,-0.013748109340667725,0.42870330810546875,0.7802129983901978,-0.27894121408462524,0.9412514567375183,0.00019064545631408691,0.00022649765014648438,-0.008183419704437256,0.4767661988735199,0.7910656332969666,-0.4341227412223816,0.9784432649612427,-0.00011879205703735352,-0.0027811527252197266,-0.013136476278305054,0.40475112199783325,0.7930015921592712,-0.42656731605529785,0.9821202754974365,-0.0002932548522949219,-0.00018525123596191406,-0.010533183813095093
0.42799630761146545,0.43874818086624146,-0.29352280497550964,0.9999793171882629,0.00015750527381896973,0.003415346145629883,-0.003609269857406616,0.4351540505886078,0.4265868067741394,-0.28182658553123474,0.9999467134475708,-0.0003274083137512207,0.0032092034816741943,-0.003449469804763794,0.4389868378639221,0.4265858829021454,-0.2818213105201721,0.9999451637268066,-0.0003681182861328125,0.003098100423812866,-0.00345572829246521,0.4423670768737793,0.42667970061302185,-0.2818762958049774,0.9999520778656006,-0.0004742145538330078,0.0030003488063812256,-0.0034550130367279053,0.42522555589675903,0.4249507784843445,-0.2793014645576477,0.9999317526817322,-0.00012034177780151367,0.0031374990940093994,-0.002770364284515381,0.42252302169799805,0.4237462878227234,-0.27941471338272095,0.999930202960968,-0.00025025010108947754,0.003200620412826538,-0.002766847610473633,0.4201347231864929,0.42245978116989136,-0.2794232666492462,0.9999414086341858,-0.0001372992992401123,0.0033829808235168457,-0.0027548372745513916,0.45010676980018616,0.4276941120624542,-0.17516329884529114,0.9999240636825562,-0.0005369484424591064,0.002970963716506958,-0.003189980983734131,0.4194663166999817,0.4214616119861603,-0.16619540750980377,0.9998751282691956,-0.0003349184989929199,0.0043395161628723145,-0.00014513731002807617,0.43457213044166565,0.449367880821228,-0.2505302429199219,0.9999802708625793,-6.4373016357421875e-06,0.003545045852661133,-0.004058867692947388,0.42342132329940796,0.44933587312698364,-0.24831974506378174,0.9999637007713318,0.00027561187744140625,0.003617614507675171,-0.003176450729370117,0.48099929094314575,0.47465819120407104,-0.08863089233636856,0.9999682903289795,-0.00030803680419921875,0.00436672568321228,-0.012473426759243011,0.38844019174575806,0.4742354452610016,-0.07881936430931091,0.9999810457229614,-0.00020995736122131348,0.0048014819622039795,-0.00432218611240387,0.4948800206184387,0.5423507690429688,-0.12506188452243805,0.9814570546150208,-0.0007083415985107422,0.003418862819671631,-0.05212882161140442,0.36702367663383484,0.5381913781166077,-0.13188409805297852,0.9696231484413147,-4.342198371887207e-05,0.004299759864807129,-0.057807572185993195,0.5023273229598999,0.6005095839500427,-0.2875681519508362,0.895308792591095,1.2278556823730469e-05,0.001652836799621582,-0.11622005701065063,0.36746853590011597,0.5972195863723755,-0.32072192430496216,0.9554852843284607,-0.0004502534866333008,-0.00017398595809936523,-0.12151141464710236,0.5109180212020874,0.6119560599327087,-0.3235994279384613,0.8082146644592285,2.872943878173828e-05,0.001162707805633545,-0.1298767328262329,0.36020293831825256,0.6157618761062622,-0.35935941338539124,0.9110215902328491,-0.0005507767200469971,-9.328126907348633e-05,-0.13112111389636993,0.5076388120651245,0.609544038772583,-0.3443683385848999,0.8169974088668823,5.5849552154541016e-05,2.4497509002685547e-05,-0.12614235281944275,0.363778293132782,0.6135648488998413,-0.3764997720718384,0.9180945158004761,-0.00021383166313171387,-0.0015396475791931152,-0.12704741954803467,0.5026113986968994,0.6061119437217712,-0.2987839877605438,0.7823490500450134,0.0002943873405456543,0.0009035468101501465,-0.11692488193511963,0.3676672875881195,0.6077985167503357,-0.33102816343307495,0.9062971472740173,-0.00021395087242126465,-0.0016960501670837402,-0.12176397442817688,0.4621523320674896,0.6031959056854248,-0.0003336443623993546,0.9998317360877991,-0.0010713040828704834,0.0026243925094604492,0.0003296751237940043,0.41147667169570923,0.606506884098053,0.0005332945729605854,0.9998468160629272,-0.0002773106098175049,0.0025167465209960938,-0.0003158825566060841,0.47025585174560547,0.6179797053337097,-0.37636783719062805,0.9811801314353943,-0.0021839141845703125,0.00032448768615722656,-0.007746875286102295,0.4037357270717621,0.6235681772232056,-0.3504326045513153,0.9875819683074951,-0.00039526820182800293,0.0026491284370422363,-0.004585534334182739,0.47028154134750366,0.7551718354225159,-0.2797684967517853,0.9801586270332336,-0.0021812617778778076,1.3113021850585938e-06,0.01738947629928589,0.42166319489479065,0.7626562714576721,-0.26402488350868225,0.9854841828346252,9.03010368347168e-06,5.14984130859375e-05,0.015027940273284912,0.46277299523353577,0.7747732996940613,-0.27655118703842163,0.9288591742515564,-0.0029914379119873047,-0.00023424625396728516,0.01956760883331299,0.4286910891532898,0.7803345322608948,-0.26232290267944336,0.9446908831596375,-1.2218952178955078e-05,0.00012153387069702148,0.016618311405181885,0.47597140073776245,0.7908434271812439,-0.4169234335422516,0.9797754287719727,-0.0007947981357574463,-0.00022220611572265625,0.017199307680130005,0.40437760949134827,0.793009877204895,-0.4123009145259857,0.983059287071228,-0.00037351250648498535,8.285045623779297e-06,0.014266401529312134
0.42800241708755493,0.44159194827079773,-0.27189645171165466,0.9999813437461853,6.109476089477539e-06,0.0028437674045562744,0.02162635326385498,0.43504515290260315,0.42919546365737915,-0.2604166269302368,0.999951958656311,-0.00010889768600463867,0.002608656883239746,0.021409958600997925,0.4388866424560547,0.429208368062973,-0.26040905714035034,0.9999505281448364,-0.00010019540786743164,0.0026224851608276367,0.021412253379821777,0.4420662522315979,0.4293433725833893,-0.26045170426368713,0.9999567270278931,-0.0003008246421813965,0.0026636719703674316,0.021424591541290283,0.42523980140686035,0.4275571405887604,-0.25838178396224976,0.999938428401947,1.424551010131836e-05,0.0026063621044158936,0.02091968059539795,0.4225349426269531,0.4265025556087494,-0.2584782838821411,0.9999370574951172,1.1920928955078125e-05,0.002756267786026001,0.020936429500579834,0.42024239897727966,0.42539116740226746,-0.2584701180458069,0.9999471306800842,0.00010767579078674316,0.0029313862323760986,0.02095314860343933,0.44965118169784546,0.43041953444480896,-0.15833020210266113,0.9999315142631531,-0.00045558810234069824,0.0027254223823547363,0.016833096742630005,0.4197569489479065,0.42513036727905273,-0.1516486555337906,0.9998874068260193,0.0002906322479248047,0.003668755292892456,0.014546751976013184,0.43464988470077515,0.45262256264686584,-0.23096534609794617,0.9999822378158569,7.775425910949707e-05,0.0032546818256378174,0.019564896821975708,0.4235938489437103,0.4522506296634674,-0.2293739765882492,0.9999673366546631,0.00017252564430236816,0.0029147565364837646,0.018945768475532532,0.4794527590274811,0.4787199795246124,-0.08243916183710098,0.9999707341194153,-0.0015465319156646729,0.004061788320541382,0.006191730499267578,0.3884790539741516,0.4784211814403534,-0.07194072753190994,0.9999826550483704,3.886222839355469e-05,0.004185736179351807,0.0068786367774009705,0.4937826097011566,0.5431261658668518,-0.13607043027877808,0.9821795225143433,-0.0010974109172821045,0.0007753968238830566,-0.011008545756340027,0.3670126795768738,0.5412901639938354,-0.13916602730751038,0.9707750082015991,-1.099705696105957e-05,0.003098785877227783,-0.00728192925453186,0.5021142363548279,0.5998747944831848,-0.29177433252334595,0.9021851420402527,-0.00021308660507202148,-0.0006347894668579102,-0.004206180572509766,0.36667224764823914,0.5976980328559875,-0.3275347352027893,0.9565021395683289,-0.0007962882518768311,0.00047844648361206055,-0.0068128108978271484,0.5109548568725586,0.6120323538780212,-0.3278133273124695,0.8211639523506165,3.6835670471191406e-05,7.62939453125e-05,-0.004213899374008179,0.35952311754226685,0.6159623861312866,-0.36643558740615845,0.914560079574585,-0.0006798207759857178,0.00020051002502441406,-0.007076174020767212,0.5077143907546997,0.6097186207771301,-0.3472529947757721,0.8296847343444824,7.557868957519531e-05,0.00017458200454711914,-0.0028846561908721924,0.3634951114654541,0.613540768623352,-0.38218411803245544,0.9215033054351807,-0.00028318166732788086,-2.4080276489257812e-05,-0.005684345960617065,0.5029252767562866,0.6063525676727295,-0.3025490641593933,0.7965238690376282,0.00031387805938720703,0.00024062395095825195,-0.0037650763988494873,0.36729979515075684,0.6077015399932861,-0.3374747931957245,0.9096297025680542,-0.0003674924373626709,-9.697675704956055e-05,-0.006446629762649536,0.4614466726779938,0.6048845052719116,-0.0002773330779746175,0.9998422861099243,-0.0007056593894958496,0.0016885995864868164,5.6311284424737096e-05,0.4114522933959961,0.6085834503173828,0.0004763579345308244,0.9998573064804077,-2.4378299713134766e-05,0.002076566219329834,-5.693663842976093e-05,0.4692367911338806,0.6182870268821716,-0.3645387887954712,0.9828419089317322,-0.0010190606117248535,0.00030732154846191406,0.01182904839515686,0.402583509683609,0.6231380105018616,-0.3423319458961487,0.9883421659469604,-0.0011522173881530762,-0.00043016672134399414,0.008100658655166626,0.470837265253067,0.7549914717674255,-0.27558594942092896,0.9815236330032349,0.0005557239055633545,-0.00018036365509033203,0.004182547330856323,0.42151394486427307,0.7628952264785767,-0.2626885771751404,0.9864810109138489,-0.00014925003051757812,0.00023895502090454102,0.0013363063335418701,0.4634642004966736,0.7746651768684387,-0.27261286973953247,0.9342924356460571,0.0006912052631378174,-0.0001081228256225586,0.00393831729888916,0.4285832345485687,0.7807647585868835,-0.2612323462963104,0.9485777616500854,-0.00010785460472106934,0.00043022632598876953,0.0010905563831329346,0.47599664330482483,0.7905378937721252,-0.40671873092651367,0.9812055230140686,2.524256706237793e-05,-0.00030553340911865234,0.010204702615737915,0.4016456604003906,0.7923875451087952,-0.40439361333847046,0.9841471314430237,-0.0027319490909576416,-0.0006223320960998535,0.007907301187515259
0.4281887412071228,0.44250860810279846,-0.25738435983657837,0.9999831914901733,0.0001863241195678711,0.0009166598320007324,0.014512091875076294,0.4355320930480957,0.4303542673587799,-0.24382054805755615,0.9999567270278931,0.0004869401454925537,0.0011588037014007568,0.016596078872680664,0.4393177628517151,0.430349200963974,-0.2438228875398636,0.999955415725708,0.0004311203956604004,0.0011408329010009766,0.016586169600486755,0.4423917233943939,0.43044883012771606,-0.24386990070343018,0.9999610185623169,0.0003254711627960205,0.0011054575443267822,0.016581803560256958,0.4255640506744385,0.42903491854667664,-0.24314787983894348,0.9999445676803589,0.000324249267578125,0.0014777779579162598,0.015233904123306274,0.42291173338890076,0.428092896938324,-0.24324572086334229,0.9999433159828186,0.00037679076194763184,0.001590341329574585,0.015232563018798828,0.42055314779281616,0.4271219074726105,-0.24323458969593048,0.9999523758888245,0.000310748815536499,0.0017307400703430176,0.015235528349876404,0.44946208596229553,0.4319300651550293,-0.14057642221450806,0.9999383091926575,-0.00018909573554992676,0.001510530710220337,0.017753779888153076,0.41976791620254517,0.4279007613658905,-0.1405561864376068,0.9998986124992371,1.0967254638671875e-05,0.0027703940868377686,0.011092469096183777,0.43496543169021606,0.4541355073451996,-0.21708354353904724,0.9999840259552002,0.00031554698944091797,0.0015129446983337402,0.013881802558898926,0.4237774908542633,0.453201562166214,-0.2174105942249298,0.9999706149101257,0.00018364191055297852,0.000950932502746582,0.011963382363319397,0.47800683975219727,0.48371174931526184,-0.0741150826215744,0.9999732375144958,-0.0014459192752838135,0.004991769790649414,0.00832407921552658,0.3884890675544739,0.4829344153404236,-0.06680260598659515,0.9999841451644897,1.0013580322265625e-05,0.00451323390007019,0.005138121545314789,0.49315518140792847,0.547124445438385,-0.13910940289497375,0.9832769632339478,-0.0006274282932281494,0.003998279571533203,-0.0030389726161956787,0.36735641956329346,0.5453571081161499,-0.1427314281463623,0.9723144173622131,0.00034373998641967773,0.004066944122314453,-0.0035654008388519287,0.5021483302116394,0.6000537872314453,-0.3007979393005371,0.9099657535552979,3.409385681152344e-05,0.00017899274826049805,-0.009023606777191162,0.3666403889656067,0.599130392074585,-0.33929604291915894,0.9584166407585144,-3.185868263244629e-05,0.0014323592185974121,-0.011761307716369629,0.5109938383102417,0.6124356389045715,-0.3383229374885559,0.8356489539146423,3.898143768310547e-05,0.00040328502655029297,-0.010509610176086426,0.3595012128353119,0.6165717840194702,-0.3787723183631897,0.9196270108222961,-2.1904706954956055e-05,0.0006093978881835938,-0.01233673095703125,0.5079574584960938,0.6097633242607117,-0.3569948673248291,0.8436114192008972,0.00024306774139404297,4.470348358154297e-05,-0.009741872549057007,0.36347663402557373,0.6134606003761292,-0.39383620023727417,0.9262294173240662,-1.8477439880371094e-05,-8.016824722290039e-05,-0.011652082204818726,0.5034820437431335,0.6061951518058777,-0.3115788400173187,0.8125171661376953,0.0005567669868469238,-0.00015741586685180664,-0.009029775857925415,0.36729955673217773,0.6076524257659912,-0.34914422035217285,0.914558470249176,-2.384185791015625e-07,-4.9114227294921875e-05,-0.011669427156448364,0.4614476263523102,0.606968343257904,-0.0003748654271475971,0.9998542070388794,9.5367431640625e-07,0.0020838379859924316,-9.75323491729796e-05,0.41175127029418945,0.6132602691650391,0.0005720264161936939,0.9998681545257568,0.0002989768981933594,0.00467681884765625,9.566848166286945e-05,0.4673093855381012,0.6186454892158508,-0.36330991983413696,0.9843789935112,-0.001927405595779419,0.0003584623336791992,0.0012288689613342285,0.4026879668235779,0.6245201826095581,-0.33344560861587524,0.9889935255050659,0.00010445713996887207,0.0013821721076965332,0.008886337280273438,0.47066324949264526,0.7549886703491211,-0.2727741003036499,0.9828318357467651,-0.00017401576042175293,-2.8014183044433594e-06,0.0028118491172790527,0.421205997467041,0.7631443738937378,-0.2527124583721161,0.9874004125595093,-0.00030794739723205566,0.0002491474151611328,0.009976118803024292,0.4634130001068115,0.7742815613746643,-0.2697296738624573,0.9395425319671631,-5.120038986206055e-05,-0.00038361549377441406,0.0028831958770751953,0.4282930791378021,0.7808771729469299,-0.25122931599617004,0.9521533250808716,-0.00029015541076660156,0.00011241436004638672,0.01000303030014038,0.47534042596817017,0.7906063795089722,-0.4017477035522461,0.9825611710548401,-0.0006562173366546631,6.848573684692383e-05,0.004971027374267578,0.39975398778915405,0.7925282120704651,-0.396425724029541,0.9851595163345337,-0.0018916726112365723,0.00014066696166992188,0.007967889308929443
0.42739763855934143,0.44461074471473694,-0.2585224509239197,0.999984860420227,-0.0007911026477813721,0.0021021366119384766,-0.0011380910873413086,0.43475431203842163,0.43263259530067444,-0.2456882745027542,0.9999610185623169,-0.0007777810096740723,0.0022783279418945312,-0.001867726445198059,0.4385690689086914,0.4326038956642151,-0.24569618701934814,0.9999598264694214,-0.0007486939430236816,0.002254694700241089,-0.001873299479484558,0.4417436122894287,0.4327421188354492,-0.24575114250183105,0.9999648332595825,-0.00064811110496521,0.0022932887077331543,-0.001881241798400879,0.42489194869995117,0.43138179183006287,-0.24414804577827454,0.9999500513076782,-0.0006721019744873047,0.0023468732833862305,-0.0010001659393310547,0.4222683310508728,0.430465966463089,-0.2442363202571869,0.9999489188194275,-0.0006434023380279541,0.0023730695247650146,-0.0009905993938446045,0.42004337906837463,0.4295729398727417,-0.24422363936901093,0.9999570250511169,-0.0005097687244415283,0.0024510324001312256,-0.0009890496730804443,0.44937634468078613,0.4347761869430542,-0.146280899643898,0.9999443888664246,-8.574128150939941e-05,0.0028461217880249023,-0.005704477429389954,0.4194512963294983,0.43117302656173706,-0.1419021487236023,0.9999086260795593,-0.000316619873046875,0.0032722651958465576,-0.0013459622859954834,0.4341893792152405,0.45646747946739197,-0.21979853510856628,0.9999856352806091,-0.0007760524749755859,0.002331972122192383,-0.002714991569519043,0.42309674620628357,0.4554157853126526,-0.21882982552051544,0.9999735355377197,-0.0006807446479797363,0.0022142231464385986,-0.0014192312955856323,0.47716084122657776,0.4878256618976593,-0.0819118320941925,0.9999754428863525,-0.0008459985256195068,0.004113912582397461,-0.007796749472618103,0.3884871304035187,0.48751628398895264,-0.07109660655260086,0.99998539686203,-1.9371509552001953e-06,0.004581868648529053,-0.004294000566005707,0.49195536971092224,0.5499590039253235,-0.1600818634033203,0.9841110110282898,-0.0011998116970062256,0.0028345584869384766,-0.020972460508346558,0.369068443775177,0.547992467880249,-0.15728607773780823,0.9730587601661682,0.001712024211883545,0.002635359764099121,-0.014554649591445923,0.5021578073501587,0.5994250774383545,-0.3298734426498413,0.9167641997337341,9.47713851928711e-06,-0.0006287097930908203,-0.0290755033493042,0.36663463711738586,0.5990647077560425,-0.3624919652938843,0.9595124125480652,-5.751848220825195e-06,-6.568431854248047e-05,-0.023195922374725342,0.5111703872680664,0.6121823191642761,-0.369037926197052,0.8486030697822571,0.00017654895782470703,-0.00025331974029541016,-0.030714988708496094,0.3590613603591919,0.6165176033973694,-0.4036191999912262,0.9237102270126343,-0.0004398524761199951,-5.418062210083008e-05,-0.0248468816280365,0.5082985162734985,0.6096487045288086,-0.3864876329898834,0.8561213612556458,0.00034105777740478516,-0.00011461973190307617,-0.02949276566505432,0.3631727695465088,0.6123602390289307,-0.41840893030166626,0.9300795793533325,-0.0003038644790649414,-0.0011003613471984863,-0.02457273006439209,0.5037685036659241,0.605912983417511,-0.34056228399276733,0.8268264532089233,0.00028645992279052734,-0.0002821683883666992,-0.02898344397544861,0.3671814203262329,0.6070899963378906,-0.37280842661857605,0.9184939861297607,-0.00011813640594482422,-0.0005624294281005859,-0.023664206266403198,0.4614890217781067,0.6068466305732727,-0.00046150549314916134,0.999864935874939,4.139542579650879e-05,-0.00012171268463134766,-8.664006600156426e-05,0.4121478199958801,0.6137069463729858,0.0006594070000573993,0.9998775720596313,0.00039654970169067383,0.00044667720794677734,8.73805838637054e-05,0.4653662145137787,0.6189739108085632,-0.3612397313117981,0.9857389330863953,-0.0019431710243225098,0.00032842159271240234,0.002070188522338867,0.40461796522140503,0.6263533234596252,-0.3314990699291229,0.9894647002220154,0.0019299983978271484,0.0018331408500671387,0.0019465386867523193,0.47035446763038635,0.7550140023231506,-0.26835888624191284,0.9839823842048645,-0.00030878186225891113,2.5331974029541016e-05,0.0044152140617370605,0.4211331009864807,0.762926459312439,-0.24958419799804688,0.9881590604782104,-7.289648056030273e-05,-0.00021791458129882812,0.003128260374069214,0.46368589997291565,0.7742903828620911,-0.2651149332523346,0.9440937638282776,0.000272899866104126,8.821487426757812e-06,0.004614740610122681,0.42812982201576233,0.7806869745254517,-0.24757501482963562,0.9549890756607056,-0.00016325712203979492,-0.00019019842147827148,0.003654301166534424,0.47425299882888794,0.7911238074302673,-0.39525705575942993,0.9837280511856079,-0.0010874271392822266,0.000517427921295166,0.006490647792816162,0.3999922573566437,0.7926039099693298,-0.38906922936439514,0.9859725832939148,0.00023826956748962402,7.56978988647461e-05,0.007356494665145874
0.4269088804721832,0.4455990493297577,-0.2593337893486023,0.9999863505363464,-0.0004887580871582031,0.000988304615020752,-0.0008113384246826172,0.43435749411582947,0.43363940715789795,-0.2465033084154129,0.9999648332595825,-0.0003968179225921631,0.0010068118572235107,-0.0008150339126586914,0.4382143020629883,0.433550626039505,-0.24651090800762177,0.9999637603759766,-0.000354766845703125,0.000946730375289917,-0.0008147209882736206,0.44148173928260803,0.4336651861667633,-0.246566504240036,0.9999682307243347,-0.0002618730068206787,0.0009230673313140869,-0.0008153617382049561,0.42445701360702515,0.4328775703907013,-0.24495439231395721,0.9999549388885498,-0.0004349350929260254,0.0014957785606384277,-0.0008063465356826782,0.42185837030410767,0.432165265083313,-0.24505090713500977,0.9999539256095886,-0.0004099607467651367,0.001699298620223999,-0.000814586877822876,0.41971421241760254,0.4314082860946655,-0.24505309760570526,0.9999611973762512,-0.0003291666507720947,0.0018353462219238281,-0.0008294582366943359,0.44857367873191833,0.4363550841808319,-0.15221086144447327,0.9999498724937439,-0.0008026659488677979,0.00157889723777771,-0.005929961800575256,0.4191629886627197,0.4338761568069458,-0.14760620892047882,0.9999176263809204,-0.00028830766677856445,0.0027031302452087402,-0.005704060196876526,0.433734267950058,0.4571506083011627,-0.22302286326885223,0.9999870657920837,-0.0004551112651824951,0.000683128833770752,-0.0032243281602859497,0.4226590692996979,0.4567437469959259,-0.22197727859020233,0.9999761581420898,-0.00043767690658569336,0.0013279616832733154,-0.0031474530696868896,0.4760225713253021,0.49057435989379883,-0.0945243388414383,0.9999771118164062,-0.0011382699012756348,0.0027486979961395264,-0.012612506747245789,0.3887943625450134,0.49116775393486023,-0.07932175695896149,0.9999864101409912,0.000307232141494751,0.0036514699459075928,-0.008225150406360626,0.49113544821739197,0.5509584546089172,-0.1746121346950531,0.9848266839981079,-0.0008199214935302734,0.00099945068359375,-0.014530271291732788,0.3718701899051666,0.5507631301879883,-0.1626514494419098,0.9738001227378845,0.002801746129989624,0.002770662307739258,-0.0053653717041015625,0.5014945864677429,0.5989755392074585,-0.33701619505882263,0.9225882291793823,-0.0006632208824157715,-0.0004495382308959961,-0.007142752408981323,0.3665739893913269,0.598857045173645,-0.36105865240097046,0.9613308906555176,-6.064772605895996e-05,-0.00020766258239746094,0.0014333128929138184,0.5107648372650146,0.6119970679283142,-0.37436434626579285,0.8599066734313965,-0.0004055500030517578,-0.00018525123596191406,-0.005326420068740845,0.35852041840553284,0.615609347820282,-0.4004214406013489,0.9283543229103088,-0.0005409419536590576,-0.0009082555770874023,0.0031977593898773193,0.508139431476593,0.6092258095741272,-0.3908892869949341,0.8670243620872498,-0.00015908479690551758,-0.0004228949546813965,-0.004401654005050659,0.36267125606536865,0.611216127872467,-0.4151345193386078,0.9343903660774231,-0.0005015134811401367,-0.001144111156463623,0.0032744109630584717,0.5035209059715271,0.6055213809013367,-0.3471987843513489,0.8393295407295227,-0.00024759769439697266,-0.0003916025161743164,-0.006636500358581543,0.36695295572280884,0.6061122417449951,-0.37141114473342896,0.9230557084083557,-0.00022846460342407227,-0.0009777545928955078,0.0013972818851470947,0.4615347385406494,0.608561635017395,-0.0021275985054671764,0.9998742341995239,4.571676254272461e-05,0.0017150044441223145,-0.001666093012318015,0.412879079580307,0.6139357686042786,0.002289700321853161,0.9998862743377686,0.0007312595844268799,0.0002288222312927246,0.0016302933217957616,0.46305012702941895,0.6221161484718323,-0.3557251989841461,0.9869155287742615,-0.002316087484359741,0.003142237663269043,0.0055145323276519775,0.405475378036499,0.6306692957878113,-0.307174950838089,0.9896707534790039,0.0008574128150939941,0.004315972328186035,0.024324119091033936,0.4700564444065094,0.7552210092544556,-0.23405270278453827,0.984817385673523,-0.0002980232238769531,0.00020700693130493164,0.03430618345737457,0.421151340007782,0.7645003795623779,-0.20776700973510742,0.9888853430747986,1.823902130126953e-05,0.0015739202499389648,0.04181718826293945,0.4638558030128479,0.7742278575897217,-0.2273724526166916,0.9477934241294861,0.00016990303993225098,-6.252527236938477e-05,0.037742480635643005,0.4282142221927643,0.7816190719604492,-0.20416805148124695,0.9575033783912659,8.440017700195312e-05,0.0009320974349975586,0.04340696334838867,0.47339653968811035,0.7911978960037231,-0.342595636844635,0.9845478534698486,-0.0008564591407775879,7.408857345581055e-05,0.05266141891479492,0.39834824204444885,0.7926906943321228,-0.33237820863723755,0.9866765141487122,-0.0016440153121948242,8.678436279296875e-05,0.05669102072715759
0.42670542001724243,0.4459015727043152,-0.21843364834785461,0.9999876618385315,-0.0002034604549407959,0.0003025233745574951,0.04090014100074768,0.4342375695705414,0.4349624216556549,-0.20639260113239288,0.9999682307243347,-0.00011992454528808594,0.001323014497756958,0.04011070728302002,0.438066303730011,0.4350516200065613,-0.2064037322998047,0.9999672770500183,-0.00014799833297729492,0.0015009939670562744,0.04010717570781708,0.44144248962402344,0.43528810143470764,-0.2064262330532074,0.9999712705612183,-3.9249658584594727e-05,0.001622915267944336,0.04014027118682861,0.42434754967689514,0.43351852893829346,-0.20467737317085266,0.9999592900276184,-0.00010946393013000488,0.0006409585475921631,0.04027701914310455,0.4216938614845276,0.4325536787509918,-0.20475900173187256,0.9999583959579468,-0.00016450881958007812,0.000388413667678833,0.04029190540313721,0.41950279474258423,0.4314976930618286,-0.20476022362709045,0.9999648928642273,-0.00021141767501831055,8.940696716308594e-05,0.04029287397861481,0.44746893644332886,0.43818995356559753,-0.12084828317165375,0.9999547004699707,-0.0011047422885894775,0.001834869384765625,0.03136257827281952,0.41913944482803345,0.4349183142185211,-0.11569482088088989,0.9999255537986755,-2.3543834686279297e-05,0.0010421574115753174,0.03191138803958893,0.43354955315589905,0.45818912982940674,-0.18584753572940826,0.999988317489624,-0.00018471479415893555,0.0010385215282440186,0.03717532753944397,0.4224638044834137,0.4573834240436554,-0.18457309901714325,0.9999784827232361,-0.0001952648162841797,0.0006396770477294922,0.03740417957305908,0.4750211834907532,0.49365901947021484,-0.07275209575891495,0.9999784827232361,-0.0010013878345489502,0.0030846595764160156,0.021772243082523346,0.3886701762676239,0.4961351454257965,-0.05542924255132675,0.9999871253967285,-0.00012418627738952637,0.004967391490936279,0.023892514407634735,0.49042361974716187,0.5561875104904175,-0.14532040059566498,0.9846189618110657,-0.0007118284702301025,0.005229055881500244,0.029291734099388123,0.3728775084018707,0.5589014887809753,-0.13227900862693787,0.9720348119735718,0.0010073184967041016,0.00813835859298706,0.030372440814971924,0.5012019872665405,0.6006921529769897,-0.30296260118484497,0.9257621169090271,-0.0002925992012023926,0.00171661376953125,0.03405359387397766,0.3649125099182129,0.6011444330215454,-0.3131159245967865,0.9605941772460938,-0.0016614794731140137,0.0022873878479003906,0.04794272780418396,0.5107141137123108,0.6124322414398193,-0.3363512456417084,0.8674037456512451,-5.072355270385742e-05,0.00043517351150512695,0.03801310062408447,0.3564511835575104,0.615993320941925,-0.3475305438041687,0.929754912853241,-0.002069234848022461,0.0003839731216430664,0.052890896797180176,0.5081521272659302,0.6094262599945068,-0.3901454508304596,0.8744181394577026,1.2695789337158203e-05,0.00020045042037963867,0.0007438361644744873,0.36093980073928833,0.611659586429596,-0.36689668893814087,0.9358925819396973,-0.0017314553260803223,0.00044345855712890625,0.04823783040046692,0.5035163164138794,0.6062667369842529,-0.3179227113723755,0.8480885028839111,-4.589557647705078e-06,0.0007453560829162598,0.02927607297897339,0.36547937989234924,0.6068712472915649,-0.3237364888191223,0.9249171614646912,-0.0014735758304595947,0.0007590055465698242,0.04767465591430664,0.4613725244998932,0.6098974943161011,-0.003039618954062462,0.9998828768730164,-0.00016221404075622559,0.0013358592987060547,-0.0009120204485952854,0.41296958923339844,0.6139342188835144,0.003191076684743166,0.9998940229415894,9.050965309143066e-05,-1.5497207641601562e-06,0.0009013763628900051,0.46110591292381287,0.6202417612075806,-0.31621530652046204,0.987879753112793,-0.001944214105606079,-0.001874387264251709,0.03950989246368408,0.40553250908851624,0.6254651546478271,-0.28811565041542053,0.9897733926773071,5.7131052017211914e-05,-0.005204141139984131,0.019059300422668457,0.46987614035606384,0.7549177408218384,-0.23283421993255615,0.9856021404266357,-0.00018030405044555664,-0.0003032684326171875,0.0012184828519821167,0.42045456171035767,0.7639162540435791,-0.2079400271177292,0.989361047744751,-0.0006967782974243164,-0.0005841255187988281,-0.00017301738262176514,0.4647846221923828,0.7739796042442322,-0.22846448421478271,0.9508159160614014,0.0009288191795349121,-0.00024825334548950195,-0.0010920315980911255,0.42730388045310974,0.7812538146972656,-0.2049858570098877,0.9594489932060242,-0.000910341739654541,-0.00036525726318359375,-0.0008178055286407471,0.47090253233909607,0.7912555932998657,-0.3388446271419525,0.9853779673576355,-0.0024940073490142822,5.7697296142578125e-05,0.003751009702682495,0.39755120873451233,0.792687177658081,-0.32284680008888245,0.9871388673782349,-0.0007970333099365234,-3.516674041748047e-06,0.009531408548355103
0.42597341537475586,0.4452298581600189,-0.24187687039375305,0.999988853931427,-0.0007320046424865723,-0.0006717145442962646,-0.023443222045898438,0.4327665865421295,0.43468180298805237,-0.2298014611005783,0.999971330165863,-0.0014709830284118652,-0.00028061866760253906,-0.023408859968185425,0.4365984797477722,0.4349251091480255,-0.22981056571006775,0.9999704957008362,-0.0014678239822387695,-0.0001265108585357666,-0.02340683341026306,0.4400099217891693,0.43528783321380615,-0.22984929382801056,0.9999740123748779,-0.001432567834854126,-2.682209014892578e-07,-0.02342306077480316,0.42339619994163513,0.43288853764533997,-0.22761817276477814,0.9999632239341736,-0.0009513497352600098,-0.0006299912929534912,-0.022940799593925476,0.4212009906768799,0.43196356296539307,-0.22770634293556213,0.9999624490737915,-0.0004928708076477051,-0.0005901157855987549,-0.022947341203689575,0.41903194785118103,0.4309834837913513,-0.22771784663200378,0.9999682307243347,-0.00047084689140319824,-0.0005142092704772949,-0.02295762300491333,0.44557052850723267,0.43882712721824646,-0.1425592005252838,0.9999591112136841,-0.0018984079360961914,0.0006371736526489258,-0.021710917353630066,0.4185333251953125,0.435396283864975,-0.13462220132350922,0.9999327659606934,-0.0006061196327209473,0.0004779696464538574,-0.018927380442619324,0.43289247155189514,0.4574492871761322,-0.20851054787635803,0.9999894499778748,-0.0006570816040039062,-0.0007398426532745361,-0.022663012146949768,0.422038733959198,0.4569111764431,-0.2064466029405594,0.999980628490448,-0.00042507052421569824,-0.0004722476005554199,-0.021873503923416138,0.47463101148605347,0.49507465958595276,-0.0866624191403389,0.9999799132347107,-0.00039017200469970703,0.001415640115737915,-0.01391032338142395,0.388559490442276,0.49777379631996155,-0.0693119689822197,0.9999877214431763,-0.00011068582534790039,0.001638650894165039,-0.013882726430892944,0.48963671922683716,0.5590890645980835,-0.15281997621059418,0.9853211641311646,-0.000786900520324707,0.0029015541076660156,-0.007499575614929199,0.37413516640663147,0.5625614523887634,-0.13762882351875305,0.9729388952255249,0.0012576580047607422,0.003659963607788086,-0.0053498148918151855,0.5012363195419312,0.6007967591285706,-0.3014353811740875,0.9311926364898682,3.4332275390625e-05,0.00010460615158081055,0.0015272200107574463,0.3643243908882141,0.602103054523468,-0.3175504207611084,0.9626152515411377,-0.0005881190299987793,0.0009586215019226074,-0.004434496164321899,0.5107215642929077,0.6123515963554382,-0.33543500304222107,0.877592921257019,7.450580596923828e-06,-8.064508438110352e-05,0.0009162425994873047,0.3556355834007263,0.6173142194747925,-0.35305362939834595,0.9340711236000061,-0.0008156001567840576,0.0013208985328674316,-0.005523085594177246,0.5082141160964966,0.609397828578949,-0.35623234510421753,0.8842507600784302,6.198883056640625e-05,-2.8431415557861328e-05,0.033913105726242065,0.35954922437667847,0.6122710704803467,-0.3697027266025543,0.9398701786994934,-0.0013905763626098633,0.0006114840507507324,-0.002806037664413452,0.5035358667373657,0.6061028242111206,-0.31172508001327515,0.8595024943351746,1.9550323486328125e-05,-0.00016391277313232422,0.006197631359100342,0.36440160870552063,0.6073532104492188,-0.327997088432312,0.9292364120483398,-0.0010777711868286133,0.0004819631576538086,-0.004260599613189697,0.46081405878067017,0.6080924272537231,-0.0037108745891600847,0.9998908638954163,-0.0005584657192230225,-0.0018050670623779297,-0.0006712556350976229,0.41241154074668884,0.611790120601654,0.003841495607048273,0.9999008178710938,-0.0005580484867095947,-0.0021440982818603516,0.0006504189223051071,0.45889168977737427,0.62051922082901,-0.325253427028656,0.9888604879379272,-0.0022142231464385986,0.00027745962142944336,-0.00903812050819397,0.4057084918022156,0.6259830594062805,-0.29530566930770874,0.9900464415550232,0.00017598271369934082,0.0005179047584533691,-0.007190018892288208,0.4696875512599945,0.7547010779380798,-0.21810874342918396,0.9865353107452393,-0.00018858909606933594,-0.00021666288375854492,0.014725476503372192,0.4194316864013672,0.7628173232078552,-0.19591572880744934,0.9899635314941406,-0.0010228753089904785,-0.001098930835723877,0.012024298310279846,0.4664360582828522,0.7728818655014038,-0.2122490406036377,0.9533140659332275,0.0016514360904693604,-0.0010977387428283691,0.01621544361114502,0.42595380544662476,0.7795333862304688,-0.1914728581905365,0.9612106680870056,-0.0013500750064849854,-0.001720428466796875,0.013512998819351196,0.46803203225135803,0.7912976741790771,-0.3290331959724426,0.9862608313560486,-0.002870500087738037,4.208087921142578e-05,0.009811431169509888,0.39780059456825256,0.7929733991622925,-0.3157224655151367,0.9878014922142029,0.0002493858337402344,0.0002862215042114258,0.0071243345737457275
0.42583784461021423,0.44444841146469116,-0.1948332041501999,0.9999898076057434,-0.00013557076454162598,-0.0007814466953277588,0.04704366624355316,0.4327220320701599,0.43387335538864136,-0.18208616971969604,0.9999739527702332,-4.455447196960449e-05,-0.0008084475994110107,0.04771529138088226,0.43657970428466797,0.4340614080429077,-0.18211492896080017,0.9999731779098511,-1.8775463104248047e-05,-0.0008637011051177979,0.04769563674926758,0.4398837089538574,0.4343233108520508,-0.18213750422000885,0.9999763369560242,-0.00012621283531188965,-0.0009645223617553711,0.04771178960800171,0.42320194840431213,0.43243125081062317,-0.18110956251621246,0.999966561794281,-0.00019425153732299805,-0.0004572868347167969,0.046508610248565674,0.42106518149375916,0.43176084756851196,-0.18116971850395203,0.9999658465385437,-0.00013580918312072754,-0.00020271539688110352,0.04653662443161011,0.4188613295555115,0.4311372637748718,-0.18117491900920868,0.9999710321426392,-0.00017061829566955566,0.0001537799835205078,0.046542927622795105,0.44485101103782654,0.4385891854763031,-0.10219238698482513,0.9999628067016602,-0.0007195174694061279,-0.00023794174194335938,0.04036681354045868,0.4174807667732239,0.436832070350647,-0.09974776953458786,0.9999387264251709,-0.001052558422088623,0.001435786485671997,0.034874431788921356,0.43281087279319763,0.45619386434555054,-0.16506636142730713,0.9999904036521912,-8.159875869750977e-05,-0.001255422830581665,0.0434441864490509,0.4218965470790863,0.45596015453338623,-0.16447368264198303,0.999982476234436,-0.00014218688011169434,-0.0009510219097137451,0.041972920298576355,0.4741686284542084,0.49653932452201843,-0.0627160295844078,0.9999804496765137,-0.0004623830318450928,0.0014646649360656738,0.02394638955593109,0.38877445459365845,0.501445472240448,-0.047852955758571625,0.9999873042106628,0.0002149641513824463,0.00367167592048645,0.02145901322364807,0.48956379294395447,0.5616713166236877,-0.11932474374771118,0.9840977191925049,-7.292628288269043e-05,0.002582252025604248,0.033495232462882996,0.37682241201400757,0.5663207769393921,-0.11218365281820297,0.9685662388801575,0.0026872456073760986,0.003759324550628662,0.02544517070055008,0.5013825297355652,0.6050323843955994,-0.24562668800354004,0.9319332838058472,0.0001462101936340332,0.004235625267028809,0.055808693170547485,0.3645557165145874,0.601779580116272,-0.2815176844596863,0.9608595967292786,0.00023132562637329102,-0.0003234744071960449,0.03603273630142212,0.5107577443122864,0.6133133172988892,-0.27520501613616943,0.8813841938972473,3.618001937866211e-05,0.0009617209434509277,0.060229986906051636,0.3557339906692505,0.6165457963943481,-0.31562238931655884,0.9339776039123535,9.840726852416992e-05,-0.0007684230804443359,0.03743124008178711,0.5082844495773315,0.6100218296051025,-0.29084983468055725,0.8881425261497498,7.033348083496094e-05,0.0006240010261535645,0.06538251042366028,0.35992175340652466,0.6103296875953674,-0.33115559816360474,0.9400299191474915,0.0003725290298461914,-0.001941382884979248,0.038547128438949585,0.5036173462867737,0.6085647344589233,-0.2547774910926819,0.864618718624115,8.147954940795898e-05,0.0024619102478027344,0.05694758892059326,0.364793598651886,0.6049529910087585,-0.292047381401062,0.9296081066131592,0.00039198994636535645,-0.002400219440460205,0.03594970703125,0.46066054701805115,0.6079896688461304,-0.004158315248787403,0.9998964071273804,-0.00015351176261901855,-0.00010275840759277344,-0.0004474406596273184,0.4124211370944977,0.6110221743583679,0.004292495548725128,0.9999056458473206,9.59634780883789e-06,-0.0007679462432861328,0.0004509999416768551,0.4587247371673584,0.619174599647522,-0.2599022686481476,0.9895474910736084,-0.00016695261001586914,-0.0013446211814880371,0.06535115838050842,0.4059064984321594,0.6251437664031982,-0.25016894936561584,0.9897945523262024,0.00019800662994384766,-0.0008392930030822754,0.045136719942092896,0.4696890413761139,0.7534225583076477,-0.19514496624469757,0.9871474504470825,1.4901161193847656e-06,-0.001278519630432129,0.02296377718448639,0.41945797204971313,0.7613059282302856,-0.1769995391368866,0.9903125166893005,2.6285648345947266e-05,-0.00151139497756958,0.018916189670562744,0.46832337975502014,0.7727763056755066,-0.19256776571273804,0.9547784328460693,0.0018873214721679688,-0.0001055598258972168,0.019681274890899658,0.42602381110191345,0.7788354754447937,-0.17399278283119202,0.9623934030532837,7.000565528869629e-05,-0.0006979107856750488,0.017480075359344482,0.46648240089416504,0.7904119491577148,-0.2973179817199707,0.9868786931037903,-0.0015496313571929932,-0.0008857250213623047,0.031715214252471924,0.3990016281604767,0.7930915355682373,-0.2819492220878601,0.988167941570282,0.001201033592224121,0.00011813640594482422,0.03377324342727661
0.4249265789985657,0.4447559118270874,-0.1927672177553177,0.9999907612800598,-0.0009112656116485596,0.00030750036239624023,0.002065986394882202,0.4315715432167053,0.434101939201355,-0.18050464987754822,0.999976396560669,-0.0011504888534545898,0.00022858381271362305,0.0015815198421478271,0.435452401638031,0.4343058168888092,-0.18053822219371796,0.9999757409095764,-0.0011273026466369629,0.00024440884590148926,0.0015767067670822144,0.438845694065094,0.4345070421695709,-0.18057255446910858,0.9999784827232361,-0.0010380148887634277,0.0001837313175201416,0.0015649497509002686,0.42216020822525024,0.4330599904060364,-0.17807374894618988,0.9999696016311646,-0.0010417401790618896,0.000628739595413208,0.003035813570022583,0.42017608880996704,0.43262290954589844,-0.17814120650291443,0.9999690055847168,-0.0008890926837921143,0.0008620619773864746,0.0030285120010375977,0.41767096519470215,0.43229609727859497,-0.17815586924552917,0.9999735355377197,-0.0011903643608093262,0.0011588335037231445,0.0030190497636795044,0.4436487555503845,0.43907901644706726,-0.10159524530172348,0.9999663233757019,-0.0012022554874420166,0.0004898309707641602,0.000597141683101654,0.4164890646934509,0.43789592385292053,-0.0925198346376419,0.9999442100524902,-0.0009917020797729492,0.0010638535022735596,0.007227934896945953,0.43222489953041077,0.4561944305896759,-0.16352705657482147,0.9999912977218628,-0.0005859732627868652,5.662441253662109e-07,0.0015393048524856567,0.42127174139022827,0.45614349842071533,-0.16112831234931946,0.9999842047691345,-0.0006248056888580322,0.00018334388732910156,0.0033453702926635742,0.47406187653541565,0.49730736017227173,-0.06177514046430588,0.999981164932251,-0.00010675191879272461,0.0007680356502532959,0.0009408891201019287,0.38856181502342224,0.5045477747917175,-0.037577636539936066,0.9999858736991882,-0.00021263957023620605,0.0031023025512695312,0.010275319218635559,0.4897307753562927,0.5620852708816528,-0.1261073350906372,0.9840185642242432,0.00016698241233825684,0.0004139542579650879,-0.006782591342926025,0.3776560425758362,0.5715477466583252,-0.10908883810043335,0.9651029706001282,0.0008336305618286133,0.0052269697189331055,0.003094814717769623,0.502077043056488,0.604132354259491,-0.255911260843277,0.9343055486679077,0.0006945133209228516,-0.0009000301361083984,-0.010284572839736938,0.3646141290664673,0.6021999716758728,-0.28357991576194763,0.9588592052459717,5.841255187988281e-05,0.0004203915596008301,-0.0020622313022613525,0.5112311840057373,0.6131888628005981,-0.2875804007053375,0.8874576091766357,0.00047343969345092773,-0.00012445449829101562,-0.01237538456916809,0.35581541061401367,0.6162811517715454,-0.3167377710342407,0.9339050054550171,8.14199447631836e-05,-0.0002646446228027344,-0.0011153817176818848,0.508289098739624,0.6087932586669922,-0.3049279451370239,0.894093930721283,4.649162292480469e-06,-0.0012285709381103516,-0.014078110456466675,0.3599373996257782,0.6092653870582581,-0.33192893862724304,0.9400443434715271,1.564621925354004e-05,-0.001064300537109375,-0.0007733404636383057,0.5035982728004456,0.60667884349823,-0.2662658095359802,0.8716152310371399,-1.9073486328125e-05,-0.0018858909606933594,-0.01148831844329834,0.36485737562179565,0.6043487787246704,-0.2938682436943054,0.9296717047691345,6.377696990966797e-05,-0.0006042122840881348,-0.0018208622932434082,0.4606916904449463,0.6079474687576294,-0.00590344937518239,0.9999030232429504,3.11434268951416e-05,-4.220008850097656e-05,-0.001745134126394987,0.41238802671432495,0.6113253831863403,0.006032492965459824,0.9999091029167175,-3.311038017272949e-05,0.0003032088279724121,0.0017399974167346954,0.45961350202560425,0.6156230568885803,-0.2945982813835144,0.9903126955032349,0.0008887648582458496,-0.0035515427589416504,-0.03469601273536682,0.4070340692996979,0.625359296798706,-0.2535913586616516,0.9896409511566162,0.0011275708675384521,0.0002155303955078125,-0.0034224092960357666,0.46891918778419495,0.7534403204917908,-0.21203967928886414,0.9879242777824402,-0.0007698535919189453,1.7762184143066406e-05,-0.016894713044166565,0.4194086492061615,0.7610843181610107,-0.18698887526988983,0.9906213283538818,-4.932284355163574e-05,-0.00022161006927490234,-0.009989336133003235,0.46820348501205444,0.7728475332260132,-0.2028721570968628,0.9575305581092834,-0.00011989474296569824,7.12275505065918e-05,-0.010304391384124756,0.42598843574523926,0.7786880731582642,-0.18542622029781342,0.9634774923324585,-3.5375356674194336e-05,-0.00014740228652954102,-0.011433437466621399,0.46555209159851074,0.7903953194618225,-0.32867422699928284,0.9876466989517212,-0.0009303092956542969,-1.6629695892333984e-05,-0.031356245279312134,0.39968934655189514,0.7931216359138489,-0.2962522804737091,0.9884350299835205,0.000687718391418457,3.0100345611572266e-05,-0.014303058385848999
0.42490094900131226,0.44582706689834595,-0.19240567088127136,0.9999914169311523,-2.562999725341797e-05,0.001071155071258545,0.0003615468740463257,0.43147093057632446,0.4349694848060608,-0.18029481172561646,0.9999783635139465,-0.00010061264038085938,0.0008675456047058105,0.0002098381519317627,0.4353226125240326,0.4351072907447815,-0.18032796680927277,0.9999778270721436,-0.00012978911399841309,0.00080147385597229,0.00021025538444519043,0.43863925337791443,0.4352811276912689,-0.18036094307899475,0.9999802112579346,-0.00020644068717956543,0.000774085521697998,0.00021161139011383057,0.4218162000179291,0.4340624213218689,-0.17841213941574097,0.9999719262123108,-0.000344008207321167,0.0010024309158325195,-0.0003383904695510864,0.4197913110256195,0.4337138533592224,-0.17846466600894928,0.9999714493751526,-0.0003847777843475342,0.0010909438133239746,-0.0003234595060348511,0.4171072542667389,0.43352019786834717,-0.17846432328224182,0.9999753832817078,-0.0005637109279632568,0.0012241005897521973,-0.0003084540367126465,0.44338440895080566,0.440025269985199,-0.10190778970718384,0.9999691843986511,-0.0002643465995788574,0.0009462535381317139,-0.00031254440546035767,0.4153788089752197,0.43939924240112305,-0.09485497325658798,0.999948263168335,-0.0011102557182312012,0.0015033185482025146,-0.0023351386189460754,0.4322546422481537,0.45715123414993286,-0.1632378101348877,0.9999920725822449,2.9742717742919922e-05,0.000956803560256958,0.00028924643993377686,0.42124128341674805,0.457367867231369,-0.16136696934700012,0.9999856352806091,-3.045797348022461e-05,0.0012243688106536865,-0.00023865699768066406,0.4734860956668854,0.49810442328453064,-0.06085815280675888,0.9999812841415405,-0.0005757808685302734,0.0007970631122589111,0.0009169876575469971,0.3888474404811859,0.5059731006622314,-0.03913532942533493,0.9999841451644897,0.0002856254577636719,0.001425325870513916,-0.0015576928853988647,0.48936086893081665,0.56111079454422,-0.12766684591770172,0.9824345111846924,-0.0003699064254760742,-0.0009744763374328613,-0.0015595108270645142,0.3799118399620056,0.5696739554405212,-0.10777793079614639,0.9591676592826843,0.0022557973861694336,-0.001873791217803955,0.0013109073042869568,0.5021970868110657,0.6026126146316528,-0.2603675127029419,0.9345839619636536,0.00012004375457763672,-0.0015197396278381348,-0.004456251859664917,0.3647608757019043,0.600396990776062,-0.28227660059928894,0.9560576677322388,0.00014674663543701172,-0.001802980899810791,0.0013033151626586914,0.5112761855125427,0.6113971471786499,-0.2920601963996887,0.8906975388526917,4.500150680541992e-05,-0.0017917156219482422,-0.004479795694351196,0.3558989465236664,0.6142199635505676,-0.31571686267852783,0.9327964782714844,8.353590965270996e-05,-0.002061188220977783,0.0010209083557128906,0.5082951784133911,0.6072497963905334,-0.30943360924720764,0.8975442051887512,6.079673767089844e-06,-0.0015434622764587402,-0.004505664110183716,0.3599699139595032,0.606513261795044,-0.3321545124053955,0.9393143057823181,3.2514333724975586e-05,-0.0027521252632141113,-0.00022557377815246582,0.5036039352416992,0.6044803261756897,-0.27057841420173645,0.8760886192321777,5.662441253662109e-06,-0.002198517322540283,-0.004312604665756226,0.364896684885025,0.6019042134284973,-0.29316505789756775,0.9292659163475037,3.930926322937012e-05,-0.0024445652961730957,0.0007031857967376709,0.46061936020851135,0.607193648815155,-0.006143487058579922,0.9999086856842041,-7.233023643493652e-05,-0.0007538199424743652,-0.0002400376833975315,0.41238847374916077,0.6083612442016602,0.006299181841313839,0.9999130964279175,4.470348358154297e-07,-0.0029641389846801758,0.00026668887585401535,0.460139662027359,0.6103794574737549,-0.27253949642181396,0.9907625317573547,0.0005261600017547607,-0.0052435994148254395,0.02205878496170044,0.4069918692111969,0.6192397475242615,-0.248404860496521,0.9891360402107239,-4.220008850097656e-05,-0.00611954927444458,0.005186498165130615,0.46891769766807556,0.7502276301383972,-0.22245733439922333,0.9883195757865906,-1.4901161193847656e-06,-0.0032126903533935547,-0.010417655110359192,0.4190218448638916,0.7595698237419128,-0.19265756011009216,0.9906564950942993,-0.00038680434226989746,-0.0015144944190979004,-0.0056686848402023315,0.4678761959075928,0.7702105045318604,-0.21465280652046204,0.9584733247756958,-0.0003272891044616699,-0.002637028694152832,-0.011780649423599243,0.4258491098880768,0.7772694826126099,-0.19150489568710327,0.9633088111877441,-0.00013932585716247559,-0.0014185905456542969,-0.006078675389289856,0.4663194715976715,0.7883256077766418,-0.33290398120880127,0.9880815148353577,0.0007673799991607666,-0.002069711685180664,-0.004229754209518433,0.4031503200531006,0.7920523881912231,-0.30089643597602844,0.9883851408958435,0.0034609735012054443,-0.0010692477226257324,-0.004644155502319336
0.4248799681663513,0.4467058777809143,-0.1761341542005539,0.9999920725822449,-2.09808349609375e-05,0.0008788108825683594,0.016271516680717468,0.4310702681541443,0.4359000623226166,-0.16475874185562134,0.9999802112579346,-0.0004006624221801758,0.0009305775165557861,0.015536069869995117,0.43489140272140503,0.43591615557670593,-0.16478797793388367,0.9999797344207764,-0.0004312098026275635,0.0008088648319244385,0.015539988875389099,0.43822455406188965,0.43599310517311096,-0.16482356190681458,0.9999818801879883,-0.0004146993160247803,0.000711977481842041,0.015537381172180176,0.42138737440109253,0.4353906512260437,-0.16263802349567413,0.9999740719795227,-0.00042882561683654785,0.0013282299041748047,0.015774115920066833,0.4193752706050873,0.4351932108402252,-0.1626865267753601,0.999973714351654,-0.00041604042053222656,0.0014793574810028076,0.015778139233589172,0.41652044653892517,0.4351709187030792,-0.162684366106987,0.9999771118164062,-0.0005868077278137207,0.0016507208347320557,0.015779957175254822,0.44293054938316345,0.4407612085342407,-0.09098955988883972,0.9999718070030212,-0.0004538595676422119,0.000735938549041748,0.010918229818344116,0.41459980607032776,0.440989226102829,-0.08275407552719116,0.999951958656311,-0.0007790029048919678,0.0015899837017059326,0.01210089772939682,0.4322047829627991,0.4576648771762848,-0.14883014559745789,0.9999927878379822,-4.985928535461426e-05,0.0005136430263519287,0.01440766453742981,0.42110878229141235,0.45829296112060547,-0.14654867351055145,0.9999869465827942,-0.00013250112533569336,0.0009250938892364502,0.01481829583644867,0.4732205271720886,0.49922066926956177,-0.052839457988739014,0.999981701374054,-0.00026556849479675293,0.001116245985031128,0.008018694818019867,0.3902781307697296,0.5052194595336914,-0.034084729850292206,0.9999825954437256,0.0014306902885437012,-0.0007536411285400391,0.005050599575042725,0.48947224020957947,0.5605831146240234,-0.12098582834005356,0.9821410179138184,0.00011137127876281738,-0.0005276799201965332,0.006681017577648163,0.38025540113449097,0.5670250058174133,-0.10285921394824982,0.957588255405426,0.00034356117248535156,-0.00264894962310791,0.004918716847896576,0.5031952261924744,0.6022725701332092,-0.2525033950805664,0.9372982382774353,0.0009981393814086914,-0.0003400444984436035,0.007864117622375488,0.36478495597839355,0.5970459580421448,-0.2696795165538788,0.9557216763496399,2.4080276489257812e-05,-0.0033510327339172363,0.012597084045410156,0.5116702318191528,0.6113954186439514,-0.282513827085495,0.8963185548782349,0.0003940463066101074,-1.7285346984863281e-06,0.009546369314193726,0.35602593421936035,0.6114842891693115,-0.3018321692943573,0.9338159561157227,0.00012698769569396973,-0.0027356743812561035,0.013884693384170532,0.5083943009376526,0.6071963906288147,-0.2970674932003021,0.9030925631523132,9.912252426147461e-05,-5.340576171875e-05,0.012366116046905518,0.3600444793701172,0.6048933863639832,-0.3174927830696106,0.9403532147407532,7.456541061401367e-05,-0.001619875431060791,0.014661729335784912,0.5037890076637268,0.6043233871459961,-0.261367529630661,0.883041262626648,0.0001850724220275879,-0.00015693902969360352,0.00921088457107544,0.3651665151119232,0.5999269485473633,-0.28008711338043213,0.9307856559753418,0.00026983022689819336,-0.001977264881134033,0.01307794451713562,0.46064305305480957,0.6067389845848083,-0.005413086153566837,0.9999141693115234,2.3692846298217773e-05,-0.0004546642303466797,0.0007304009050130844,0.4123942255973816,0.606777012348175,0.005593988113105297,0.9999164938926697,5.751848220825195e-06,-0.0015842318534851074,-0.0007051937282085419,0.46027931571006775,0.6068598031997681,-0.2642146944999695,0.9911679625511169,0.00013965368270874023,-0.0035196542739868164,0.008324801921844482,0.4071730971336365,0.6123691201210022,-0.24955442547798157,0.9889875054359436,0.0001812279224395752,-0.006870627403259277,-0.0011495649814605713,0.46824756264686584,0.7498000264167786,-0.22202429175376892,0.9886093139648438,-0.0006701350212097168,-0.00042760372161865234,0.00043304264545440674,0.41912493109703064,0.7558058500289917,-0.19659709930419922,0.9907022714614868,0.00010308623313903809,-0.0037639737129211426,-0.003939539194107056,0.46759232878685,0.768722653388977,-0.2195034772157669,0.9593242406845093,-0.00028386712074279785,-0.0014878511428833008,-0.004850670695304871,0.42598089575767517,0.7741983532905579,-0.19523949921131134,0.9632526636123657,0.00013178586959838867,-0.003071129322052002,-0.003734603524208069,0.46461907029151917,0.7885244488716125,-0.3270637094974518,0.9883608818054199,-0.0017004013061523438,0.00019884109497070312,0.005840271711349487,0.4065161645412445,0.7917053699493408,-0.3038191795349121,0.9883863925933838,0.003365844488143921,-0.0003470182418823242,-0.002922743558883667
0.4237362742424011,0.44710293412208557,-0.10865924507379532,0.9999915957450867,-0.0011436939239501953,0.00039705634117126465,0.06747490912675858,0.4294763505458832,0.4364573657512665,-0.09726674854755402,0.9999809861183167,-0.0015939176082611084,0.0005573034286499023,0.06749199330806732,0.43332523107528687,0.4364646375179291,-0.09730956703424454,0.9999804496765137,-0.001566171646118164,0.0005484819412231445,0.06747841089963913,0.43688473105430603,0.4365084767341614,-0.09734798222780228,0.999982476234436,-0.0013398230075836182,0.000515371561050415,0.0674755796790123,0.4205721318721771,0.4361661672592163,-0.09472841769456863,0.9999747276306152,-0.0008152425289154053,0.0007755160331726074,0.0679096058011055,0.4185273051261902,0.4360944330692291,-0.094753697514534,0.9999739527702332,-0.0008479654788970947,0.0009012222290039062,0.06793282926082611,0.41572141647338867,0.4361412823200226,-0.0947684720158577,0.9999771118164062,-0.000799030065536499,0.0009703636169433594,0.0679158940911293,0.44225335121154785,0.4414048194885254,-0.03360872343182564,0.9999724626541138,-0.0006771981716156006,0.000643610954284668,0.057380836457014084,0.41455215215682983,0.44202330708503723,-0.023589031770825386,0.9999514222145081,-4.7653913497924805e-05,0.001034080982208252,0.059165043756365776,0.4315895438194275,0.4581923484802246,-0.08606143295764923,0.9999931454658508,-0.000615239143371582,0.0005274713039398193,0.06276871263980865,0.42068853974342346,0.4587205648422241,-0.08312522619962692,0.999987781047821,-0.0004202425479888916,0.00042760372161865234,0.06342344731092453,0.4735298156738281,0.5016363859176636,-0.01187586598098278,0.9999786615371704,0.00030928850173950195,0.0024157166481018066,0.04096359200775623,0.3908686935901642,0.5074524879455566,0.004625117871910334,0.9999783039093018,0.0005905628204345703,0.0022330284118652344,0.03870984772220254,0.4900957942008972,0.569600522518158,-0.07917097955942154,0.9783316254615784,0.000623553991317749,0.009017407894134521,0.04181484878063202,0.3792981505393982,0.5688909292221069,-0.06039842963218689,0.9516090750694275,-0.0009572505950927734,0.0018659234046936035,0.04246078431606293,0.5032342672348022,0.6045697331428528,-0.19507285952568054,0.9354658126831055,3.904104232788086e-05,0.0022971630096435547,0.057430535554885864,0.3648086190223694,0.5948145389556885,-0.21065299212932587,0.9525678753852844,2.3663043975830078e-05,-0.002231419086456299,0.05902652442455292,0.511713445186615,0.611928403377533,-0.2216288298368454,0.89680016040802,4.32133674621582e-05,0.000532984733581543,0.0608849972486496,0.35602810978889465,0.6100291609764099,-0.2392345368862152,0.93210369348526,2.175569534301758e-06,-0.0014551281929016113,0.06259763240814209,0.5083988904953003,0.6072518825531006,-0.2322992980480194,0.9034403562545776,4.589557647705078e-06,5.549192428588867e-05,0.06476819515228271,0.36036771535873413,0.6040882468223572,-0.25248944759368896,0.938757598400116,0.00032323598861694336,-0.0008051395416259766,0.06500333547592163,0.5028138756752014,0.6078989505767822,-0.20221884548664093,0.8841869831085205,-0.0009751319885253906,0.003575563430786133,0.05914868414402008,0.3656630516052246,0.5991241931915283,-0.2199346274137497,0.9297937750816345,0.0004965364933013916,-0.0008027553558349609,0.060152485966682434,0.460773766040802,0.6068874597549438,-0.003555070608854294,0.9999185800552368,0.00013071298599243164,0.00014847517013549805,0.0018580155447125435,0.41247954964637756,0.606991171836853,0.003697507083415985,0.9999207258224487,8.532404899597168e-05,0.00021415948867797852,-0.001896481029689312,0.4603651463985443,0.6033649444580078,-0.21756711602210999,0.9909946322441101,8.58306884765625e-05,-0.003494858741760254,0.0466475784778595,0.4074934124946594,0.6062848567962646,-0.22560949623584747,0.9882746338844299,0.0003203153610229492,-0.006084263324737549,0.023944929242134094,0.468269020318985,0.7495525479316711,-0.2053748369216919,0.9881107211112976,2.1457672119140625e-05,-0.0002474784851074219,0.016649454832077026,0.4190536439418793,0.7562722563743591,-0.18842926621437073,0.9904336929321289,-7.128715515136719e-05,0.00046640634536743164,0.008167833089828491,0.4674302041530609,0.7686159610748291,-0.2063371241092682,0.9580253958702087,-0.0001621246337890625,-0.00010669231414794922,0.013166353106498718,0.42596369981765747,0.7746735215187073,-0.18725165724754333,0.9617735743522644,-1.7195940017700195e-05,0.00047516822814941406,0.007987841963768005,0.46464747190475464,0.789331316947937,-0.2960975170135498,0.9879787564277649,2.8401613235473633e-05,0.0008068680763244629,0.030966192483901978,0.4073464274406433,0.7916740775108337,-0.27721652388572693,0.9878643155097961,0.0008302628993988037,-3.129243850708008e-05,0.02660265564918518
0.4236339032649994,0.4495369791984558,-0.17542947828769684,0.9999918937683105,-0.0001023709774017334,0.0024340450763702393,-0.06677023321390152,0.4291788935661316,0.4385656416416168,-0.16379471123218536,0.9999822378158569,-0.0002974569797515869,0.002108275890350342,-0.06652796268463135,0.4330131411552429,0.43838250637054443,-0.1638173758983612,0.9999818205833435,-0.0003120899200439453,0.0019178688526153564,-0.06650780886411667,0.436585009098053,0.4383307993412018,-0.16385166347026825,0.999983549118042,-0.00029972195625305176,0.0018223226070404053,-0.06650368124246597,0.4203835427761078,0.4385119080543518,-0.16156718134880066,0.9999759197235107,-0.00018858909606933594,0.002345740795135498,-0.06683876365423203,0.41838130354881287,0.4384447932243347,-0.16163024306297302,0.9999752640724182,-0.00014600157737731934,0.002350360155105591,-0.06687654554843903,0.41558772325515747,0.4385093152523041,-0.16164153814315796,0.999977707862854,-0.00013369321823120117,0.002368032932281494,-0.06687306612730026,0.44194549322128296,0.442647784948349,-0.08428554236888885,0.999974250793457,-0.0003078579902648926,0.0012429654598236084,-0.05067681893706322,0.4145534634590149,0.4439808428287506,-0.07652340829372406,0.9999532103538513,1.3113021850585938e-06,0.001957535743713379,-0.052934376522898674,0.43158411979675293,0.46048614382743835,-0.14532215893268585,0.9999936819076538,-5.424022674560547e-06,0.002293795347213745,-0.05926072597503662,0.42067232728004456,0.46131420135498047,-0.14319439232349396,0.9999887943267822,-1.621246337890625e-05,0.0025936365127563477,-0.060069166123867035,0.4736691415309906,0.5034647583961487,-0.03433379530906677,0.9999781847000122,0.00013932585716247559,0.0018283724784851074,-0.022457929328083992,0.3919326663017273,0.5080102682113647,-0.022676417604088783,0.9999746680259705,0.0010639727115631104,0.0005577802658081055,-0.027301535475999117,0.4903620779514313,0.5692131519317627,-0.12908890843391418,0.9774240851402283,0.0002662837505340576,-0.00038737058639526367,-0.049917928874492645,0.3787864148616791,0.5682116746902466,-0.10852082073688507,0.9465749859809875,-0.0005117356777191162,-0.0006792545318603516,-0.04812239110469818,0.5043801069259644,0.6049794554710388,-0.2695534825325012,0.9363396167755127,0.0011458396911621094,0.00040972232818603516,-0.07448062300682068,0.36477893590927124,0.5949327945709229,-0.28821682929992676,0.9470444321632385,-2.968311309814453e-05,0.000118255615234375,-0.07756383717060089,0.5125716924667358,0.6127689480781555,-0.30212754011154175,0.8999232053756714,0.0008582472801208496,0.0008405447006225586,-0.08049871027469635,0.3559042811393738,0.6103492975234985,-0.32216376066207886,0.9277396202087402,-0.00012382864952087402,0.00032013654708862305,-0.08292922377586365,0.5087636113166809,0.6076872944831848,-0.31488028168678284,0.9067322611808777,0.00036472082138061523,0.0004354119300842285,-0.08258098363876343,0.3604045510292053,0.6045065522193909,-0.3361979126930237,0.9349172115325928,3.6835670471191406e-05,0.0004183053970336914,-0.08370846509933472,0.5035548806190491,0.6078030467033386,-0.27802354097366333,0.8879549503326416,0.0007410049438476562,-9.590387344360352e-05,-0.0758046954870224,0.3657304346561432,0.599591076374054,-0.29840287566185,0.9259364008903503,6.73830509185791e-05,0.00046688318252563477,-0.07846824824810028,0.4607853293418884,0.6068480610847473,-0.00355903385207057,0.9999218583106995,1.1563301086425781e-05,-3.93986701965332e-05,-3.963243216276169e-06,0.41310185194015503,0.6081620454788208,0.00370194623246789,0.9999222159385681,0.0006223022937774658,0.0011708736419677734,4.439149051904678e-06,0.4601208567619324,0.6027450561523438,-0.2624569535255432,0.9913796186447144,-0.0002442896366119385,-0.0006198883056640625,-0.04488983750343323,0.40871110558509827,0.6062248349189758,-0.24917638301849365,0.9879588484764099,0.0012176930904388428,-6.002187728881836e-05,-0.02356688678264618,0.4679808020591736,0.7497166395187378,-0.21189263463020325,0.988442063331604,-0.00028821825981140137,0.0001640915870666504,-0.0065177977085113525,0.4192820191383362,0.7552503347396851,-0.19352313876152039,0.9905467629432678,0.00022837519645690918,-0.0010219216346740723,-0.005093872547149658,0.46733832359313965,0.768638014793396,-0.2087107002735138,0.9588459730148315,-9.188055992126465e-05,2.205371856689453e-05,-0.0023735761642456055,0.4260834753513336,0.7744997143745422,-0.1917789876461029,0.9619845151901245,0.00011977553367614746,-0.00017380714416503906,-0.00452733039855957,0.4629140794277191,0.7896021008491516,-0.30893826484680176,0.9882021546363831,-0.0017333924770355225,0.0002707839012145996,-0.012840747833251953,0.40672484040260315,0.791687548160553,-0.2959449887275696,0.9878560304641724,-0.0006215870380401611,1.3470649719238281e-05,-0.01872846484184265
0.42395877838134766,0.4514872133731842,-0.18258735537528992,0.9999924302101135,0.0003248751163482666,0.0019502341747283936,-0.007157877087593079,0.42919668555259705,0.4400515854358673,-0.16962037980556488,0.9999836683273315,1.77919864654541e-05,0.0014859437942504883,-0.005825668573379517,0.43304115533828735,0.4396418631076813,-0.16964784264564514,0.9999833703041077,2.8014183044433594e-05,0.0012593567371368408,-0.0058304667472839355,0.4366084635257721,0.43939173221588135,-0.1696982979774475,0.999984860420227,2.345442771911621e-05,0.0010609328746795654,-0.00584663450717926,0.4203875660896301,0.440561443567276,-0.1674201488494873,0.9999775886535645,4.023313522338867e-06,0.0020495355129241943,-0.0058529675006866455,0.41839322447776794,0.4406626522541046,-0.1674685925245285,0.9999769926071167,1.1920928955078125e-05,0.0022178590297698975,-0.005838349461555481,0.41561126708984375,0.4408721327781677,-0.16746830940246582,0.9999790191650391,2.3543834686279297e-05,0.0023628175258636475,-0.005826771259307861,0.44202929735183716,0.44322916865348816,-0.08752568066120148,0.9999762773513794,8.380413055419922e-05,0.0005813837051391602,-0.003240138292312622,0.41458234190940857,0.44588902592658997,-0.07857175171375275,0.9999561309814453,2.8878450393676758e-05,0.0019081830978393555,-0.0020483434200286865,0.43201661109924316,0.46174100041389465,-0.15222600102424622,0.9999942183494568,0.0004324913024902344,0.0012548565864562988,-0.006903842091560364,0.42081132531166077,0.46329981088638306,-0.14982306957244873,0.9999897480010986,0.00013899803161621094,0.001985609531402588,-0.006628677248954773,0.4736936092376709,0.5041525959968567,-0.04370487853884697,0.9999781847000122,2.446770668029785e-05,0.0006878376007080078,-0.009371083229780197,0.3929140865802765,0.5090426206588745,-0.022835545241832733,0.9999702572822571,0.0009814202785491943,0.0010323524475097656,-0.0001591276377439499,0.490389347076416,0.5687074065208435,-0.12858577072620392,0.9767971634864807,2.726912498474121e-05,-0.0005057454109191895,0.0005031377077102661,0.3789013624191284,0.5690376162528992,-0.10332616418600082,0.9414252638816833,0.00011494755744934082,0.0008259415626525879,0.005194656550884247,0.5044223666191101,0.6044596433639526,-0.2731989920139313,0.93752521276474,4.225969314575195e-05,-0.0005198121070861816,-0.0036455094814300537,0.3648449778556824,0.5948265194892883,-0.2839633822441101,0.9426577091217041,6.604194641113281e-05,-0.00010627508163452148,0.00425344705581665,0.5127007961273193,0.6125163435935974,-0.30519402027130127,0.9029891490936279,0.0001291036605834961,-0.00025260448455810547,-0.0030664801597595215,0.3558580279350281,0.6085109710693359,-0.31721779704093933,0.9239063858985901,-4.6253204345703125e-05,-0.0018383264541625977,0.004945963621139526,0.5087888836860657,0.6072474718093872,-0.31904008984565735,0.9099259376525879,2.5272369384765625e-05,-0.0004398226737976074,-0.004159808158874512,0.36089032888412476,0.6023524403572083,-0.3328554034233093,0.9313619136810303,0.0004857778549194336,-0.002154111862182617,0.0033425092697143555,0.503687858581543,0.606119692325592,-0.28185132145881653,0.8914843201637268,0.00013297796249389648,-0.001683354377746582,-0.0038277804851531982,0.3662228286266327,0.5983590483665466,-0.29436227679252625,0.9222326278686523,0.000492393970489502,-0.0012320280075073242,0.0040405988693237305,0.4612938463687897,0.6065954566001892,-0.004770414903759956,0.9999263882637024,0.0005085170269012451,-0.00025260448455810547,-0.0012113810516893864,0.41381487250328064,0.6084008812904358,0.0049365973100066185,0.9999250173568726,0.0007130205631256104,0.00023883581161499023,0.0012346510775387287,0.4602513909339905,0.6037293672561646,-0.2631726562976837,0.9918336868286133,0.00013053417205810547,0.0009843111038208008,-0.0007157027721405029,0.4086863398551941,0.6060556769371033,-0.2563389241695404,0.9876962304115295,-2.4765729904174805e-05,-0.0001691579818725586,-0.007162541151046753,0.46804729104042053,0.7529764175415039,-0.25357338786125183,0.9889172911643982,6.648898124694824e-05,0.0032597780227661133,-0.041680753231048584,0.41971954703330994,0.7553134560585022,-0.21874943375587463,0.9906752109527588,0.0004375278949737549,6.312131881713867e-05,-0.025226294994354248,0.4672604501247406,0.7696908712387085,-0.2557618319988251,0.9600299000740051,-7.787346839904785e-05,0.0010528564453125,-0.04705113172531128,0.4268523156642914,0.7747226357460022,-0.22044077515602112,0.962292492389679,0.0007688403129577637,0.00022292137145996094,-0.028661787509918213,0.46145328879356384,0.7902982831001282,-0.3671730160713196,0.9887458086013794,-0.0014607906341552734,0.0006961822509765625,-0.05823475122451782,0.4063332676887512,0.7917426824569702,-0.3352490961551666,0.9880994558334351,-0.0003915727138519287,5.513429641723633e-05,-0.039304107427597046
0.42409855127334595,0.45115599036216736,-0.1832689791917801,0.9999930262565613,0.00013977289199829102,-0.0003312230110168457,-0.0006816238164901733,0.4292314946651459,0.439735472202301,-0.17023389041423798,0.9999850988388062,3.4809112548828125e-05,-0.0003161132335662842,-0.0006135106086730957,0.43305057287216187,0.4393077492713928,-0.17025253176689148,0.999984860420227,9.417533874511719e-06,-0.00033411383628845215,-0.0006046891212463379,0.43657007813453674,0.43901076912879944,-0.17030197381973267,0.9999861717224121,-3.838539123535156e-05,-0.0003809630870819092,-0.0006036758422851562,0.42039164900779724,0.4404333233833313,-0.16721786558628082,0.9999792575836182,4.082918167114258e-06,-0.00012812018394470215,0.00020228326320648193,0.4183986783027649,0.4406207203865051,-0.16726785898208618,0.9999787211418152,5.453824996948242e-06,-4.1931867599487305e-05,0.00020073354244232178,0.4156154990196228,0.44092100858688354,-0.16726233065128326,0.9999803900718689,4.231929779052734e-06,4.887580871582031e-05,0.00020597875118255615,0.44204291701316833,0.44302311539649963,-0.08945455402135849,0.9999783635139465,1.3619661331176758e-05,-0.0002060532569885254,-0.001928873360157013,0.4146036207675934,0.44632580876350403,-0.07638562470674515,0.9999585747718811,2.1278858184814453e-05,0.0004367828369140625,0.002186127007007599,0.43214336037635803,0.46122997999191284,-0.1535985767841339,0.9999947547912598,0.00012674927711486816,-0.0005110204219818115,-0.0013725757598876953,0.4208959639072418,0.46282529830932617,-0.15006624162197113,0.9999906420707703,8.463859558105469e-05,-0.00047451257705688477,-0.0002431720495223999,0.4738314747810364,0.5046002864837646,-0.04841763526201248,0.9999786615371704,0.00013786554336547852,0.000447690486907959,-0.004712756723165512,0.39487767219543457,0.5084601640701294,-0.019968707114458084,0.9999628663063049,0.001963585615158081,-0.0005824565887451172,0.002866838127374649,0.49053722620010376,0.5687941908836365,-0.12838730216026306,0.9771378040313721,0.00014787912368774414,8.678436279296875e-05,0.00019846856594085693,0.37964287400245667,0.5689035654067993,-0.09816989302635193,0.9362581372261047,0.0007415115833282471,-0.00013405084609985352,0.005156271159648895,0.5043768882751465,0.604257345199585,-0.2687532305717468,0.9396886825561523,-4.547834396362305e-05,-0.00020229816436767578,0.004445761442184448,0.3649096190929413,0.5950425863265991,-0.27563610672950745,0.9368016719818115,6.464123725891113e-05,0.00021606683731079102,0.008327275514602661,0.5126851797103882,0.6130702495574951,-0.3002799153327942,0.9071329236030579,-1.5616416931152344e-05,0.0005539059638977051,0.00491410493850708,0.35593730211257935,0.6088277101516724,-0.3084249198436737,0.9183133244514465,7.927417755126953e-05,0.0003167390823364258,0.008792877197265625,0.5087729692459106,0.6080581545829773,-0.3154814839363098,0.9141985774040222,-1.5914440155029297e-05,0.0008106827735900879,0.003558605909347534,0.3613967299461365,0.6028926372528076,-0.32404154539108276,0.9263867735862732,0.0005064010620117188,0.0005401968955993652,0.008813858032226562,0.5037302374839783,0.6060420274734497,-0.2776851952075958,0.8965948820114136,4.2378902435302734e-05,-7.766485214233398e-05,0.004166126251220703,0.366637647151947,0.5987274646759033,-0.2863296568393707,0.9175923466682434,0.00041481852531433105,0.00036841630935668945,0.008032619953155518,0.46184128522872925,0.6073777675628662,-0.006342470645904541,0.9999294877052307,0.0005474388599395752,0.000782310962677002,-0.0015720557421445847,0.4150454103946686,0.6105393171310425,0.006536614149808884,0.9999246597290039,0.0012305378913879395,0.0021384358406066895,0.0016000168398022652,0.4606839716434479,0.6041037440299988,-0.2938151955604553,0.9924594163894653,0.00043258070945739746,0.0003743767738342285,-0.030642539262771606,0.4096009135246277,0.6079210042953491,-0.25796109437942505,0.9881450533866882,0.0009145736694335938,0.0018653273582458496,-0.0016221702098846436,0.4676896035671234,0.7533724904060364,-0.25688573718070984,0.9896557331085205,-0.00035768747329711914,0.0003960728645324707,-0.003312349319458008,0.4195721745491028,0.7555054426193237,-0.2153448760509491,0.9910827279090881,-0.00014737248420715332,0.0001919865608215332,0.003404557704925537,0.4671781659126282,0.7695066332817078,-0.25742286443710327,0.9622092247009277,-8.228421211242676e-05,-0.00018423795700073242,-0.0016610324382781982,0.4268836975097656,0.7749021649360657,-0.21619105339050293,0.9636741280555725,3.1381845474243164e-05,0.00017952919006347656,0.0042497217655181885,0.45964112877845764,0.792082667350769,-0.36932098865509033,0.9894711971282959,-0.0018121600151062012,0.0017843842506408691,-0.002147972583770752,0.40608087182044983,0.7922351956367493,-0.33163949847221375,0.9885753393173218,-0.0002523958683013916,0.0004925131797790527,0.003609597682952881
0.42406851053237915,0.4505349099636078,-0.1869872510433197,0.9999935626983643,-3.0040740966796875e-05,-0.0006210803985595703,-0.003718271851539612,0.4291926324367523,0.4395275115966797,-0.17313192784786224,0.9999864101409912,-3.886222839355469e-05,-0.0002079606056213379,-0.0028980374336242676,0.43299537897109985,0.4391842782497406,-0.17312555015087128,0.9999862313270569,-5.519390106201172e-05,-0.00012347102165222168,-0.0028730183839797974,0.4364776015281677,0.4389103055000305,-0.17316968739032745,0.9999873638153076,-9.247660636901855e-05,-0.0001004636287689209,-0.0028677135705947876,0.4203721880912781,0.4400478005409241,-0.1713941991329193,0.9999808669090271,-1.946091651916504e-05,-0.00038552284240722656,-0.004176333546638489,0.4183836877346039,0.44018352031707764,-0.1714746654033661,0.9999803304672241,-1.4990568161010742e-05,-0.00043720006942749023,-0.004206806421279907,0.4156261086463928,0.44045016169548035,-0.1714857518672943,0.9999817609786987,1.0609626770019531e-05,-0.00047084689140319824,-0.004223421216011047,0.44204574823379517,0.4430772066116333,-0.09446878731250763,0.9999802708625793,2.8312206268310547e-06,5.409121513366699e-05,-0.005014233291149139,0.4146687984466553,0.4460615813732147,-0.08355499058961868,0.9999613165855408,6.517767906188965e-05,-0.00026422739028930664,-0.007169365882873535,0.4321102499961853,0.46074262261390686,-0.15905874967575073,0.999995231628418,-3.311038017272949e-05,-0.00048735737800598145,-0.005460172891616821,0.4208744168281555,0.4621056616306305,-0.15326645970344543,0.9999914765357971,-2.154707908630371e-05,-0.0007196366786956787,-0.003200218081474304,0.4738744795322418,0.5058887004852295,-0.054220281541347504,0.9999792575836182,4.3004751205444336e-05,0.0012884140014648438,-0.005802646279335022,0.39617475867271423,0.5073403120040894,-0.02748878300189972,0.9999624490737915,0.001297086477279663,-0.001119852066040039,-0.007520075887441635,0.4904494285583496,0.5687398314476013,-0.14509707689285278,0.9771211743354797,-8.779764175415039e-05,-5.435943603515625e-05,-0.01670977473258972,0.3811386227607727,0.5678926110267639,-0.11095108836889267,0.9324619174003601,0.00149574875831604,-0.0010109543800354004,-0.012781195342540741,0.5047248005867004,0.604455828666687,-0.2974412143230438,0.9418541789054871,0.0003479123115539551,0.00019848346710205078,-0.028687983751296997,0.36548179388046265,0.59520024061203,-0.29604506492614746,0.934113085269928,0.0005721747875213623,0.0001576542854309082,-0.020408958196640015,0.5128136873245239,0.6133405566215515,-0.33202922344207764,0.911063551902771,0.0001285076141357422,0.0002703070640563965,-0.03174930810928345,0.3562138080596924,0.6090260744094849,-0.33154982328414917,0.9158467054367065,0.0002765059471130371,0.0001983642578125,-0.023124903440475464,0.5090261697769165,0.6082203388214111,-0.3480501174926758,0.9182873964309692,0.0002532005310058594,0.0001621842384338379,-0.03256863355636597,0.3615076541900635,0.6036261916160583,-0.34729641675949097,0.9242352843284607,0.00011092424392700195,0.0007335543632507324,-0.023254871368408203,0.5043267011642456,0.6059892773628235,-0.3070579469203949,0.9011471271514893,0.000596463680267334,-5.27501106262207e-05,-0.029372751712799072,0.3671305179595947,0.5988999009132385,-0.307159960269928,0.9153861403465271,0.0004928708076477051,0.00017243623733520508,-0.02083030343055725,0.4610505998134613,0.6071784496307373,-0.006238521076738834,0.9999325275421143,-0.0007906854152679443,-0.00019931793212890625,0.00010394956916570663,0.41449451446533203,0.6103237271308899,0.006432122550904751,0.9999248385429382,-0.0005508959293365479,-0.0002155900001525879,-0.00010449159890413284,0.4607713222503662,0.605451226234436,-0.30415046215057373,0.9928005933761597,8.735060691833496e-05,0.0013474822044372559,-0.010335266590118408,0.40996092557907104,0.6093218922615051,-0.26672571897506714,0.9881855249404907,0.0003600120544433594,0.0014008879661560059,-0.00876462459564209,0.4665929675102234,0.7612971663475037,-0.2554536461830139,0.9899405837059021,-0.0010966360569000244,0.007924675941467285,0.0014320909976959229,0.4195118844509125,0.7569453120231628,-0.21509210765361786,0.9910937547683716,-6.029009819030762e-05,0.0014398694038391113,0.0002527683973312378,0.46409541368484497,0.7757232785224915,-0.25579825043678284,0.9627013206481934,-0.003082752227783203,0.006216645240783691,0.0016246140003204346,0.42688530683517456,0.7755416035652161,-0.21541619300842285,0.9636003375053406,1.6093254089355469e-06,0.0006394386291503906,0.0007748603820800781,0.4602910578250885,0.7945428490638733,-0.3744315505027771,0.9897813200950623,0.0006499290466308594,0.002460181713104248,-0.005110561847686768,0.4065989553928375,0.7924724817276001,-0.3360207676887512,0.9886889457702637,0.0005180835723876953,0.00023728609085083008,-0.004381269216537476
0.4244096279144287,0.45030590891838074,-0.18982279300689697,0.9999940991401672,0.00034111738204956055,-0.00022900104522705078,-0.0028355419635772705,0.4294074475765228,0.4391607642173767,-0.17617514729499817,0.9999876022338867,0.0002148151397705078,-0.0003667473793029785,-0.0030432194471359253,0.4331333637237549,0.4388284683227539,-0.17619092762470245,0.9999874830245972,0.0001379847526550293,-0.00035580992698669434,-0.0030653774738311768,0.43649131059646606,0.43858057260513306,-0.17623713612556458,0.9999884366989136,1.3709068298339844e-05,-0.00032973289489746094,-0.0030674487352371216,0.420659601688385,0.43948787450790405,-0.17325840890407562,0.9999824166297913,0.0002874135971069336,-0.0005599260330200195,-0.001864209771156311,0.41859787702560425,0.43953177332878113,-0.17331890761852264,0.9999819397926331,0.0002141892910003662,-0.0006517469882965088,-0.0018442422151565552,0.4160386621952057,0.4396997094154358,-0.173326775431633,0.9999831318855286,0.0004125535488128662,-0.0007504522800445557,-0.001841023564338684,0.4420766830444336,0.44272246956825256,-0.09564308077096939,0.9999819993972778,3.0934810638427734e-05,-0.0003547370433807373,-0.0011742934584617615,0.4151422381401062,0.44514399766921997,-0.08198270201683044,0.9999642372131348,0.00047343969345092773,-0.000917583703994751,0.0015722885727882385,0.43225374817848206,0.4603087306022644,-0.16089192032814026,0.9999957084655762,0.00014349818229675293,-0.00043389201164245605,-0.0018331706523895264,0.4210878908634186,0.461552232503891,-0.1563650369644165,0.9999922513961792,0.00021347403526306152,-0.000553429126739502,-0.0030985772609710693,0.4738228917121887,0.5059951543807983,-0.05538975074887276,0.9999792575836182,-5.1587820053100586e-05,0.00010645389556884766,-0.0011694692075252533,0.3964318633079529,0.5071513652801514,-0.03037700057029724,0.9999615550041199,0.00025710463523864746,-0.00018894672393798828,-0.002888217568397522,0.4903550148010254,0.5696913003921509,-0.14192381501197815,0.9775334596633911,-9.441375732421875e-05,0.0009514689445495605,0.003173261880874634,0.3808688223361969,0.5676517486572266,-0.11825646460056305,0.9325902462005615,-0.00026980042457580566,-0.00024086236953735352,-0.00730537623167038,0.5049445629119873,0.6049023270606995,-0.2920822203159332,0.9440605640411377,0.00021976232528686523,0.00044649839401245117,0.005358994007110596,0.36476725339889526,0.5968173742294312,-0.30264168977737427,0.9337160587310791,-0.0007145404815673828,0.001617133617401123,-0.006596624851226807,0.5128299593925476,0.6137920022010803,-0.32559531927108765,0.9149770140647888,1.627206802368164e-05,0.0004514455795288086,0.00643390417098999,0.35597938299179077,0.6097479462623596,-0.33754992485046387,0.9157719612121582,-0.00023442506790161133,0.0007218718528747559,-0.006000101566314697,0.509362518787384,0.6089771389961243,-0.3414047360420227,0.9221063256263733,0.0003363490104675293,0.0007568001747131348,0.006645381450653076,0.36120063066482544,0.6055740714073181,-0.3519397974014282,0.924074113368988,-0.0003070235252380371,0.0019478797912597656,-0.004643380641937256,0.5050932168960571,0.6062848567962646,-0.30162733793258667,0.9053112864494324,0.0007665157318115234,0.0002955794334411621,0.0054306089878082275,0.36642587184906006,0.6013695001602173,-0.3130565881729126,0.915016770362854,-0.000704646110534668,0.0024695992469787598,-0.005896627902984619,0.46015629172325134,0.6088987588882446,-0.004781227558851242,0.9999342560768127,-0.0008943080902099609,0.0017203092575073242,0.0014572935178875923,0.4139045178890228,0.6129831671714783,0.0049326615408062935,0.9999249577522278,-0.0005899965763092041,0.002659440040588379,-0.0014994610100984573,0.46084341406822205,0.6142255663871765,-0.3049258589744568,0.9932796955108643,7.209181785583496e-05,0.008774340152740479,-0.0007753968238830566,0.41193217039108276,0.6391479969024658,-0.26990991830825806,0.9885298013687134,0.0019712448120117188,0.029826104640960693,-0.003184199333190918,0.46585631370544434,0.760853111743927,-0.2304428368806839,0.99037104845047,-0.0007366538047790527,-0.00044405460357666016,0.025010809302330017,0.41980671882629395,0.7617740631103516,-0.20080885291099548,0.9913992285728455,0.0002948343753814697,0.004828751087188721,0.014283254742622375,0.46345090866088867,0.7752978801727295,-0.22806911170482635,0.9634597301483154,-0.0006445050239562988,-0.0004253983497619629,0.027729138731956482,0.42716750502586365,0.7770647406578064,-0.19968894124031067,0.9640477895736694,0.0002821981906890869,0.001523137092590332,0.015727251768112183,0.4601205289363861,0.7945656180381775,-0.34738826751708984,0.990174412727356,-0.00017052888870239258,2.276897430419922e-05,0.027043282985687256,0.4064823091030121,0.7948353290557861,-0.32443708181381226,0.9890539646148682,-0.00011664628982543945,0.002362847328186035,0.011583685874938965
0.42458033561706543,0.4499831199645996,-0.1936902105808258,0.9999945163726807,0.00017070770263671875,-0.00032278895378112793,-0.003867417573928833,0.42957520484924316,0.43892282247543335,-0.18040521442890167,0.9999885559082031,0.00016775727272033691,-0.00023794174194335938,-0.004230067133903503,0.43329495191574097,0.4385884702205658,-0.18042178452014923,0.9999884963035583,0.00016158819198608398,-0.00023999810218811035,-0.004230856895446777,0.43657684326171875,0.43834877014160156,-0.1804562211036682,0.9999892711639404,8.553266525268555e-05,-0.00023180246353149414,-0.004219084978103638,0.42075881361961365,0.43913009762763977,-0.17484599351882935,0.9999834895133972,9.92119312286377e-05,-0.0003577768802642822,-0.0015875846147537231,0.4186922013759613,0.4391128420829773,-0.17488978803157806,0.9999830722808838,9.432435035705566e-05,-0.000418931245803833,-0.00157088041305542,0.41620588302612305,0.4392313063144684,-0.1749011129140854,0.9999839663505554,0.0001672208309173584,-0.0004684031009674072,-0.0015743374824523926,0.44225674867630005,0.4425097703933716,-0.09686929732561111,0.9999833703041077,0.00018006563186645508,-0.00021269917488098145,-0.0012262165546417236,0.4156741201877594,0.4446439743041992,-0.08382528275251389,0.9999664425849915,0.0005318820476531982,-0.000500023365020752,-0.0018425807356834412,0.4324093759059906,0.45990264415740967,-0.1639099419116974,0.9999961256980896,0.00015562772750854492,-0.00040608644485473633,-0.003018021583557129,0.42121267318725586,0.46126237511634827,-0.15654975175857544,0.9999929666519165,0.00012478232383728027,-0.0002898573875427246,-0.00018471479415893555,0.4742403030395508,0.5056444406509399,-0.05605832859873772,0.9999783635139465,0.00041741132736206055,-0.00035071372985839844,-0.0006685778498649597,0.3966905176639557,0.5067772269248962,-0.030985385179519653,0.9999624490737915,0.0002586543560028076,-0.00037413835525512695,-0.0006083846092224121,0.49040651321411133,0.5723497271537781,-0.15503425896167755,0.976675271987915,5.14984130859375e-05,0.0026584267616271973,-0.013110443949699402,0.3805672228336334,0.5672687888145447,-0.12335719168186188,0.9332361817359924,-0.00030159950256347656,-0.00038295984268188477,-0.005100727081298828,0.5049120783805847,0.6045695543289185,-0.32092589139938354,0.9456947445869446,-3.248453140258789e-05,-0.00033277273178100586,-0.028843671083450317,0.3649514615535736,0.5964537262916565,-0.3187870681285858,0.9348059892654419,0.00018420815467834473,-0.0003636479377746582,-0.016145378351211548,0.512787401676178,0.6137748956680298,-0.3582495450973511,0.9185633063316345,-4.2557716369628906e-05,-1.710653305053711e-05,-0.03265422582626343,0.35596707463264465,0.609876811504364,-0.356536328792572,0.917762815952301,-1.2308359146118164e-05,0.00012886524200439453,-0.018986403942108154,0.5090430378913879,0.60709547996521,-0.371817022562027,0.9256511926651001,-0.00031948089599609375,-0.0018816590309143066,-0.030412286520004272,0.36137813329696655,0.605216383934021,-0.3706868290901184,0.9259254932403564,0.00017750263214111328,-0.00035768747329711914,-0.018747031688690186,0.5048186779022217,0.6031426787376404,-0.32994309067726135,0.9090267419815063,-0.0002745389938354492,-0.0031421780586242676,-0.028315752744674683,0.3667706549167633,0.6009212732315063,-0.32928237318992615,0.917057991027832,0.00034478306770324707,-0.0004482269287109375,-0.01622578501701355,0.46018290519714355,0.61208176612854,-0.004449758213013411,0.9999346137046814,2.6613473892211914e-05,0.00318300724029541,0.0003314693458378315,0.41382870078086853,0.6141011714935303,0.004622641019523144,0.9999250769615173,-7.581710815429688e-05,0.001118004322052002,-0.0003100205212831497,0.4613415598869324,0.6143734455108643,-0.3116357624530792,0.993634045124054,0.0004981458187103271,0.00014787912368774414,-0.0067099034786224365,0.4071229100227356,0.6368686556816101,-0.29387110471725464,0.9889596700668335,-0.004809260368347168,-0.002279341220855713,-0.023961186408996582,0.46592503786087036,0.7608257532119751,-0.2509912848472595,0.9906691908836365,6.872415542602539e-05,-2.7358531951904297e-05,-0.020548447966575623,0.4209617078304291,0.7626043558120728,-0.23094427585601807,0.9916502833366394,0.0011549890041351318,0.0008302927017211914,-0.030135422945022583,0.46312612295150757,0.7752515077590942,-0.2505429983139038,0.9646379351615906,-0.0003247857093811035,-4.6372413635253906e-05,-0.022473886609077454,0.42790549993515015,0.7782527804374695,-0.23049810528755188,0.9647055864334106,0.000737994909286499,0.001188039779663086,-0.03080916404724121,0.4605417251586914,0.7950490713119507,-0.372778981924057,0.9905470013618469,0.00042119622230529785,0.00048345327377319336,-0.025390714406967163,0.4069572389125824,0.7955642938613892,-0.35782018303871155,0.9893768429756165,0.0004749298095703125,0.0007289648056030273,-0.03338310122489929
0.4258529543876648,0.4485565721988678,-0.2038494050502777,0.9999949932098389,0.0012726187705993652,-0.0014265477657318115,-0.010159194469451904,0.43057364225387573,0.4382915198802948,-0.1901853233575821,0.9999895691871643,0.0009984374046325684,-0.0006313025951385498,-0.00978010892868042,0.4340946078300476,0.4379907250404358,-0.19021055102348328,0.9999895691871643,0.0007996559143066406,-0.0005977451801300049,-0.009788766503334045,0.4371243417263031,0.43778327107429504,-0.19024866819381714,0.9999902248382568,0.0005474984645843506,-0.0005654990673065186,-0.009792447090148926,0.42140278220176697,0.4389611780643463,-0.18651939928531647,0.9999849200248718,0.0006439685821533203,-0.00016891956329345703,-0.011673405766487122,0.4191474914550781,0.4389944076538086,-0.18657907843589783,0.9999845623970032,0.0004552900791168213,-0.00011843442916870117,-0.011689290404319763,0.4168105721473694,0.4389868676662445,-0.18659374117851257,0.9999852776527405,0.0006046891212463379,-0.00024443864822387695,-0.011692628264427185,0.44268423318862915,0.44245415925979614,-0.107155941426754,0.999984860420227,0.00042748451232910156,-5.561113357543945e-05,-0.010286644101142883,0.41586464643478394,0.4443214237689972,-0.0950772613286972,0.9999693036079407,0.00019052624702453613,-0.00032255053520202637,-0.011251978576183319,0.4333007335662842,0.458303302526474,-0.1739535629749298,0.9999964833259583,0.0008913576602935791,-0.001599341630935669,-0.010043621063232422,0.42200884222984314,0.4598986506462097,-0.16965484619140625,0.999993622303009,0.0007961690425872803,-0.0013637244701385498,-0.01310509443283081,0.4747653901576996,0.5058928728103638,-0.06628316640853882,0.9999784231185913,0.0005250871181488037,0.0002484321594238281,-0.010224837809801102,0.397277295589447,0.5071732401847839,-0.04444041848182678,0.9999632239341736,0.000586777925491333,0.0003960132598876953,-0.013455033302307129,0.4908541142940521,0.5731909275054932,-0.15566328167915344,0.9765616655349731,0.0004476010799407959,0.0008412003517150879,-0.0006290227174758911,0.38054993748664856,0.5680007934570312,-0.12902764976024628,0.9342339634895325,-1.728534698486328e-05,0.0007320046424865723,-0.005670458078384399,0.5046998262405396,0.6043412685394287,-0.31108611822128296,0.9471643567085266,-0.00021225214004516602,-0.0002282857894897461,0.009839773178100586,0.3650001883506775,0.5972384214401245,-0.3129804730415344,0.9358444213867188,4.8726797103881836e-05,0.0007846951484680176,0.005806595087051392,0.5124226808547974,0.613629937171936,-0.34517794847488403,0.9213061332702637,-0.00036472082138061523,-0.00014495849609375,0.013071596622467041,0.355609655380249,0.610913872718811,-0.3482306897640228,0.9191688895225525,-0.0003574192523956299,0.0010370612144470215,0.008305639028549194,0.5087465047836304,0.6069712042808533,-0.35916489362716675,0.9283240437507629,-0.00029653310775756836,-0.00012427568435668945,0.01265212893486023,0.360787957906723,0.6071698069572449,-0.36280936002731323,0.9271232485771179,-0.0005901753902435303,0.001953423023223877,0.007877469062805176,0.5046453475952148,0.6030004024505615,-0.3198872208595276,0.9117057919502258,-0.00017333030700683594,-0.00014227628707885742,0.010055869817733765,0.36641040444374084,0.6023910641670227,-0.3232768476009369,0.918001651763916,-0.00036025047302246094,0.0014697909355163574,0.006005525588989258,0.4603983461856842,0.6119557619094849,-0.004199918359518051,0.9999366402626038,0.00021544098854064941,-0.00012600421905517578,0.0002498398534953594,0.413906991481781,0.613561749458313,0.00434452248737216,0.9999274611473083,7.829070091247559e-05,-0.0005394220352172852,-0.0002781185321509838,0.46037063002586365,0.6225990653038025,-0.3067987561225891,0.9939343929290771,-0.0009709298610687256,0.008225619792938232,0.004837006330490112,0.40719348192214966,0.6335144639015198,-0.2845650017261505,0.9891098141670227,7.05718994140625e-05,-0.003354191780090332,0.009306102991104126,0.4659852087497711,0.7621094584465027,-0.21667616069316864,0.9909133315086365,6.0170888900756836e-05,0.0012837052345275879,0.03431512415409088,0.4218990206718445,0.7664228081703186,-0.19872790575027466,0.9919609427452087,0.0009373128414154053,0.0038184523582458496,0.03221637010574341,0.46319660544395447,0.7760753631591797,-0.21338889002799988,0.9649538993835449,7.048249244689941e-05,0.0008238554000854492,0.03715410828590393,0.4282626211643219,0.7804314494132996,-0.19586721062660217,0.9646866917610168,0.00035712122917175293,0.002178668975830078,0.03463089466094971,0.46164679527282715,0.795002818107605,-0.3301165699958801,0.9908061623573303,0.0011050701141357422,-4.6253204345703125e-05,0.04266241192817688,0.40687212347984314,0.7973973751068115,-0.31944507360458374,0.9896798133850098,-8.511543273925781e-05,0.0018330812454223633,0.03837510943412781
0.4258766174316406,0.4468421936035156,-0.20988185703754425,0.9999954104423523,2.3663043975830078e-05,-0.0017143785953521729,-0.0060324519872665405,0.4307430684566498,0.4373776614665985,-0.19715340435504913,0.9999905228614807,0.00016942620277404785,-0.0009138584136962891,-0.006968080997467041,0.4342723786830902,0.4371958076953888,-0.19716911017894745,0.9999905228614807,0.00017777085304260254,-0.0007949173450469971,-0.006958559155464172,0.43731197714805603,0.4370661675930023,-0.1971970647573471,0.9999910593032837,0.0001876354217529297,-0.0007171034812927246,-0.006948396563529968,0.42157888412475586,0.4381701648235321,-0.193278506398201,0.9999861717224121,0.0001761019229888916,-0.000791013240814209,-0.0067591071128845215,0.4193546175956726,0.43835631012916565,-0.19334149360656738,0.999985933303833,0.00020712614059448242,-0.0006380975246429443,-0.006762415170669556,0.41708722710609436,0.4384661018848419,-0.19335904717445374,0.999986469745636,0.0002766549587249756,-0.0005207657814025879,-0.006765305995941162,0.4430566430091858,0.44222623109817505,-0.11672768741846085,0.9999862313270569,0.0003724098205566406,-0.00022792816162109375,-0.009571745991706848,0.41673406958580017,0.4440920054912567,-0.10148997604846954,0.999971866607666,0.0008694231510162354,-0.00022941827774047852,-0.006412714719772339,0.43343043327331543,0.4568677544593811,-0.18054135143756866,0.9999968409538269,0.00012969970703125,-0.0014355480670928955,-0.006587788462638855,0.4221692681312561,0.4584077000617981,-0.17607775330543518,0.9999942183494568,0.00016042590141296387,-0.001490950584411621,-0.006422907114028931,0.47519129514694214,0.5062793493270874,-0.0728011429309845,0.9999786019325256,0.0004259049892425537,0.0003864765167236328,-0.006517976522445679,0.39854639768600464,0.507798969745636,-0.053506918251514435,0.9999644756317139,0.0012691020965576172,0.0006257295608520508,-0.009066499769687653,0.49086180329322815,0.5725776553153992,-0.1539771407842636,0.9758362770080566,7.68899917602539e-06,-0.0006132721900939941,0.0016861408948898315,0.3811406195163727,0.5676044821739197,-0.13435541093349457,0.9356181621551514,0.0005906820297241211,-0.00039631128311157227,-0.005327761173248291,0.5046818256378174,0.6031750440597534,-0.3098616898059845,0.9491159319877625,-1.800060272216797e-05,-0.001166224479675293,0.001224428415298462,0.3656540811061859,0.5974435806274414,-0.3183487355709076,0.9380775094032288,0.0006538927555084229,0.00020515918731689453,-0.005368262529373169,0.5124229192733765,0.6134016513824463,-0.34425491094589233,0.9246682524681091,2.384185791015625e-07,-0.0002282857894897461,0.0009230375289916992,0.3556200861930847,0.6112639307975769,-0.35427120327949524,0.9218471050262451,1.043081283569336e-05,0.00035005807876586914,-0.006040513515472412,0.5087367296218872,0.606969952583313,-0.35917219519615173,0.9316185116767883,-9.775161743164062e-06,-1.2516975402832031e-06,-7.3015689849853516e-06,0.3610084652900696,0.6077883243560791,-0.368486225605011,0.9294945597648621,0.00022050738334655762,0.0006185173988342285,-0.005676865577697754,0.50462806224823,0.6028945446014404,-0.318977952003479,0.915210485458374,-1.728534698486328e-05,-0.00010585784912109375,0.000909268856048584,0.3668678402900696,0.6034334897994995,-0.32859617471694946,0.9201581478118896,0.00045743584632873535,0.0010424256324768066,-0.005319327116012573,0.46076661348342896,0.6125147342681885,-0.002227161778137088,0.9999383091926575,0.000368267297744751,0.0005589723587036133,0.0019727565813809633,0.41428953409194946,0.613303005695343,0.002317909151315689,0.9999290704727173,0.00038254261016845703,-0.0002587437629699707,-0.002026613336056471,0.4600822329521179,0.6388254165649414,-0.303985595703125,0.9940417408943176,-0.00028839707374572754,0.016226351261138916,0.0028131604194641113,0.4071955680847168,0.6304849982261658,-0.2851810157299042,0.9892480373382568,2.086162567138672e-06,-0.003029465675354004,-0.0006160140037536621,0.46630486845970154,0.7617586851119995,-0.1966930478811264,0.990859866142273,0.0003196597099304199,-0.00035077333450317383,0.019983112812042236,0.42231225967407227,0.7670557498931885,-0.18538418412208557,0.9922366142272949,0.0004132390022277832,0.000632941722869873,0.013343721628189087,0.4628905653953552,0.7758823037147522,-0.19082841277122498,0.9643813371658325,-0.00030604004859924316,-0.00019305944442749023,0.022560477256774902,0.4284893870353699,0.780843198299408,-0.18022330105304718,0.9643315672874451,0.00022676587104797363,0.00041174888610839844,0.015643909573554993,0.4634067416191101,0.7949477434158325,-0.307717889547348,0.9907982349395752,0.001759946346282959,-5.507469177246094e-05,0.022398680448532104,0.4068247377872467,0.7984473705291748,-0.3019653558731079,0.9899517297744751,-4.738569259643555e-05,0.0010499954223632812,0.01747971773147583
0.4265480041503906,0.44554463028907776,-0.19522050023078918,0.9999954700469971,0.00067138671875,-0.0012975633144378662,0.014661356806755066,0.43147316575050354,0.4365043640136719,-0.1818244904279709,0.9999909996986389,0.0007300972938537598,-0.0008732974529266357,0.015328913927078247,0.4349800646305084,0.43635857105255127,-0.1818602830171585,0.9999910593032837,0.0007076859474182129,-0.0008372366428375244,0.01530882716178894,0.4379306733608246,0.43631651997566223,-0.18190062046051025,0.9999914169311523,0.0006186962127685547,-0.0007496476173400879,0.015296444296836853,0.4220690131187439,0.43742629885673523,-0.1790052354335785,0.9999865293502808,0.0004901289939880371,-0.000743865966796875,0.014273270964622498,0.4197782874107361,0.4377135932445526,-0.17905130982398987,0.9999863505363464,0.00042366981506347656,-0.0006427168846130371,0.014290183782577515,0.41745495796203613,0.4378829300403595,-0.1790582835674286,0.999986469745636,0.00036773085594177246,-0.0005831718444824219,0.014300763607025146,0.443911075592041,0.4421258866786957,-0.10364315658807755,0.9999868273735046,0.0008544325828552246,-0.00010034441947937012,0.0130845308303833,0.4167909622192383,0.4439506530761719,-0.092896468937397,0.9999719858169556,5.689263343811035e-05,-0.00014135241508483887,0.00859350711107254,0.4341532588005066,0.4560295045375824,-0.16724301874637604,0.999997079372406,0.0007228255271911621,-0.0008382499217987061,0.013298332691192627,0.4225589632987976,0.45711010694503784,-0.1641402542591095,0.9999945759773254,0.0003896951675415039,-0.001297593116760254,0.011937499046325684,0.47539931535720825,0.5066732168197632,-0.06651479005813599,0.9999760389328003,0.00020802021026611328,0.00039386749267578125,0.006286352872848511,0.3984348177909851,0.5089329481124878,-0.050628893077373505,0.9999567866325378,-0.00011157989501953125,0.0011339783668518066,0.00287802517414093,0.4910110533237457,0.5736013054847717,-0.15373671054840088,0.974086582660675,0.00014925003051757812,0.0010236501693725586,0.00024043023586273193,0.3809669613838196,0.568092942237854,-0.12934765219688416,0.9320184588432312,-0.00017365813255310059,0.0004884600639343262,0.005007758736610413,0.5048283934593201,0.6031372547149658,-0.30092567205429077,0.9490304589271545,0.00014656782150268555,-3.7789344787597656e-05,0.008936017751693726,0.365719735622406,0.5981888175010681,-0.3094947040081024,0.9346721172332764,6.565451622009277e-05,0.000745236873626709,0.008854031562805176,0.5127373933792114,0.6134458780288696,-0.33251625299453735,0.9255878329277039,0.00031447410583496094,4.4226646423339844e-05,0.01173865795135498,0.35562917590141296,0.6113222241401672,-0.34194326400756836,0.9188505411148071,9.08970832824707e-06,5.829334259033203e-05,0.01232793927192688,0.5088851451873779,0.607124388217926,-0.34336334466934204,0.9326822757720947,0.00014841556549072266,0.0001544356346130371,0.015808850526809692,0.36106076836586,0.6077685952186584,-0.354194313287735,0.9268822073936462,5.2303075790405273e-05,-1.9729137420654297e-05,0.014291912317276001,0.5046696066856384,0.6029086709022522,-0.3080689311027527,0.9165099263191223,4.1544437408447266e-05,1.4126300811767578e-05,0.010909020900726318,0.3670046925544739,0.6035168170928955,-0.3186591863632202,0.9175376296043396,0.00013685226440429688,8.33272933959961e-05,0.009936988353729248,0.4609200954437256,0.6131889820098877,-0.001255059614777565,0.9999364614486694,0.00015348196029663086,0.0006742477416992188,0.0009721021633595228,0.4142851233482361,0.6142112016677856,0.0013859433820471168,0.999924898147583,-4.410743713378906e-06,0.000908195972442627,-0.0009319657692685723,0.4601505696773529,0.6330879330635071,-0.2812989056110382,0.9940259456634521,6.833672523498535e-05,-0.005737483501434326,0.022686690092086792,0.40724316239356995,0.6287572979927063,-0.2709299623966217,0.988840639591217,4.7594308853149414e-05,-0.0017277002334594727,0.01425105333328247,0.4663258194923401,0.7615826725959778,-0.1913476586341858,0.9906101226806641,2.0951032638549805e-05,-0.00017601251602172852,0.005345389246940613,0.42494192719459534,0.7667196393013,-0.17923977971076965,0.992243230342865,0.0026296675205230713,-0.00033611059188842773,0.006144404411315918,0.4629758894443512,0.7757567763328552,-0.18652698397636414,0.9641143083572388,8.532404899597168e-05,-0.00012552738189697266,0.00430142879486084,0.4303818643093109,0.7811253666877747,-0.174815833568573,0.9634522795677185,0.00189247727394104,0.0002821683883666992,0.005407467484474182,0.4634198248386383,0.7948434948921204,-0.2939267158508301,0.9905188679695129,1.3083219528198242e-05,-0.0001042485237121582,0.013791173696517944,0.4195116460323334,0.8019207715988159,-0.2899985611438751,0.9896935820579529,0.01268690824508667,0.0034734010696411133,0.011966794729232788
0.42767515778541565,0.44423192739486694,-0.2116299420595169,0.9999956488609314,0.0011271536350250244,-0.0013127028942108154,-0.016409441828727722,0.43272918462753296,0.43505892157554626,-0.1970926821231842,0.9999915361404419,0.001256018877029419,-0.0014454424381256104,-0.015268191695213318,0.43622201681137085,0.4348631799221039,-0.1971225142478943,0.9999915957450867,0.0012419521808624268,-0.0014953911304473877,-0.015262231230735779,0.43892431259155273,0.4349205791950226,-0.19716782867908478,0.9999918341636658,0.0009936392307281494,-0.0013959407806396484,-0.015267208218574524,0.42299968004226685,0.43654879927635193,-0.19389143586158752,0.9999870657920837,0.0009306669235229492,-0.0008774995803833008,-0.014886200428009033,0.4205445647239685,0.4370065927505493,-0.19393880665302277,0.9999869465827942,0.0007662773132324219,-0.0007070004940032959,-0.014887496829032898,0.41830936074256897,0.43733397126197815,-0.19394303858280182,0.9999868273735046,0.0008544027805328369,-0.0005489587783813477,-0.01488475501537323,0.4451192021369934,0.44149288535118103,-0.11164893954992294,0.9999876022338867,0.0012081265449523926,-0.0006330013275146484,-0.008005782961845398,0.41714292764663696,0.44385242462158203,-0.09878745675086975,0.9999730587005615,0.00035196542739868164,-9.822845458984375e-05,-0.005890987813472748,0.43550199270248413,0.4551178812980652,-0.18092897534370422,0.9999973177909851,0.001348733901977539,-0.0009116232395172119,-0.013685956597328186,0.4233936369419098,0.4561825394630432,-0.1772666722536087,0.9999950528144836,0.0008346736431121826,-0.0009275674819946289,-0.013126417994499207,0.4761229157447815,0.5068405270576477,-0.07010981440544128,0.9999732375144958,0.0007236003875732422,0.00016731023788452148,-0.003595024347305298,0.3985188901424408,0.5087257623672485,-0.050507932901382446,0.9999539256095886,8.407235145568848e-05,-0.0002071857452392578,0.00012096017599105835,0.49251294136047363,0.5772348046302795,-0.16896964609622955,0.9726586937904358,0.0015018880367279053,0.0036334991455078125,-0.015232935547828674,0.3808284401893616,0.5681096315383911,-0.14553937315940857,0.9306390881538391,-0.0001385211944580078,1.6689300537109375e-05,-0.016191720962524414,0.5048120617866516,0.6034401655197144,-0.33629029989242554,0.9481052160263062,-1.633167266845703e-05,0.00030291080474853516,-0.035364627838134766,0.365835964679718,0.5977755188941956,-0.34676438570022583,0.9325183629989624,0.00011622905731201172,-0.0004132986068725586,-0.03726968169212341,0.5126709938049316,0.6140811443328857,-0.3739420771598816,0.9256047606468201,-6.639957427978516e-05,0.0006352663040161133,-0.04142582416534424,0.3557262122631073,0.6109251379966736,-0.38605695962905884,0.9174382090568542,9.703636169433594e-05,-0.00039708614349365234,-0.04411369562149048,0.5088878870010376,0.6077789068222046,-0.38652461767196655,0.9328534603118896,2.7418136596679688e-06,0.0006545186042785645,-0.04316127300262451,0.3622657358646393,0.607181191444397,-0.39882388710975647,0.9254838228225708,0.0012049674987792969,-0.0005874037742614746,-0.044629573822021484,0.50466388463974,0.6040107607841492,-0.3450666069984436,0.9160194993019104,-5.7220458984375e-06,0.0011020898818969727,-0.03699767589569092,0.36821404099464417,0.6033483147621155,-0.35686391592025757,0.9154146313667297,0.001209348440170288,-0.0001685023307800293,-0.038204729557037354,0.4612495005130768,0.613732635974884,-0.001221371698193252,0.9999346137046814,0.0003294050693511963,0.0005436539649963379,3.3687916584312916e-05,0.4142311215400696,0.614828884601593,0.0013618998927995563,0.9999228119850159,-5.4001808166503906e-05,0.000617682933807373,-2.40434892475605e-05,0.4623708128929138,0.631148099899292,-0.30682486295700073,0.9940972328186035,0.002220243215560913,-0.0019398331642150879,-0.025525957345962524,0.4054732322692871,0.6259850859642029,-0.30054688453674316,0.9888216853141785,-0.001769930124282837,-0.002772212028503418,-0.02961692214012146,0.4663469195365906,0.7615147233009338,-0.20845167338848114,0.9904637932777405,2.110004425048828e-05,-6.794929504394531e-05,-0.01710401475429535,0.42451199889183044,0.7658183574676514,-0.20996229350566864,0.9923446178436279,-0.0004299283027648926,-0.0009012818336486816,-0.030722513794898987,0.462979257106781,0.7748404741287231,-0.20224452018737793,0.9635629057884216,3.3676624298095703e-06,-0.0009163022041320801,-0.015717536211013794,0.4302244782447815,0.7803559899330139,-0.20634551346302032,0.9630739092826843,-0.00015738606452941895,-0.0007693767547607422,-0.03152967989444733,0.46342340111732483,0.7950474619865417,-0.33239588141441345,0.990507185459137,3.5762786865234375e-06,0.00020396709442138672,-0.038469165563583374,0.41705089807510376,0.7996078729629517,-0.3354213237762451,0.9897930026054382,-0.0024607479572296143,-0.002312898635864258,-0.045422762632369995
0.42828479409217834,0.44306138157844543,-0.2114754468202591,0.9999954104423523,0.0006096363067626953,-0.0011705458164215088,0.0001544952392578125,0.43346744775772095,0.43395063281059265,-0.19594016671180725,0.9999915957450867,0.0007382631301879883,-0.0011082887649536133,0.0011525154113769531,0.4369436800479889,0.43377071619033813,-0.19597600400447845,0.9999917149543762,0.000721663236618042,-0.001092463731765747,0.0011465102434158325,0.43959274888038635,0.4339200556278229,-0.19602005183696747,0.9999918341636658,0.0006684362888336182,-0.001000523567199707,0.0011477768421173096,0.4235677719116211,0.4356275796890259,-0.19343110918998718,0.9999865889549255,0.000568091869354248,-0.0009212195873260498,0.0004603266716003418,0.42107415199279785,0.43619534373283386,-0.19348867237567902,0.999986469745636,0.0005295872688293457,-0.0008112490177154541,0.00045013427734375,0.4188247621059418,0.436661034822464,-0.19349181652069092,0.9999858736991882,0.0005154013633728027,-0.0006729364395141602,0.0004512220621109009,0.445707231760025,0.4411110281944275,-0.11145995557308197,0.9999875426292419,0.0005880296230316162,-0.00038185715675354004,0.0001889839768409729,0.4173475205898285,0.4437921345233917,-0.0983523353934288,0.9999710917472839,0.00020459294319152832,-6.029009819030762e-05,0.0004351213574409485,0.43612322211265564,0.4542848467826843,-0.17962023615837097,0.9999974370002747,0.0006212294101715088,-0.0008330345153808594,0.001308739185333252,0.42378443479537964,0.455407977104187,-0.1750904768705368,0.9999953508377075,0.00039079785346984863,-0.0007745623588562012,0.0021761953830718994,0.4762133061885834,0.5075541138648987,-0.0688132643699646,0.9999699592590332,9.039044380187988e-05,0.0007135868072509766,0.0012965500354766846,0.3983510732650757,0.5094862580299377,-0.048905856907367706,0.9999444484710693,-0.0001678168773651123,0.000760495662689209,0.00160207599401474,0.4928925633430481,0.5776433944702148,-0.15963773429393768,0.9699286818504333,0.0003796219825744629,0.00040858983993530273,0.00933191180229187,0.3803916871547699,0.5703422427177429,-0.1359814703464508,0.9288998246192932,-0.0004367530345916748,0.0022326111793518066,0.009557902812957764,0.5052227973937988,0.603249192237854,-0.31965216994285583,0.9472897052764893,0.0004107356071472168,-0.00019097328186035156,0.016638129949569702,0.36575037240982056,0.5982725620269775,-0.32532578706741333,0.9308844804763794,-8.559226989746094e-05,0.0004970431327819824,0.0214385986328125,0.5131558179855347,0.614035427570343,-0.3552217483520508,0.9261673092842102,0.00048482418060302734,-4.571676254272461e-05,0.01872032880783081,0.3554050922393799,0.6109387874603271,-0.362244576215744,0.9166857004165649,-0.000321120023727417,1.3649463653564453e-05,0.02381238341331482,0.5096659064292908,0.6079254150390625,-0.36825281381607056,0.9335091710090637,0.0007780194282531738,0.00014650821685791016,0.018271803855895996,0.3621060848236084,0.6068572402000427,-0.37588614225387573,0.9248780012130737,-0.0001596510410308838,-0.00032395124435424805,0.022937744855880737,0.5053467154502869,0.6040239334106445,-0.32836318016052246,0.9166944622993469,0.000682830810546875,1.3172626495361328e-05,0.016703426837921143,0.36807113885879517,0.6033332347869873,-0.33547908067703247,0.9149407744407654,-0.00014290213584899902,-1.5079975128173828e-05,0.021384835243225098,0.46123942732810974,0.6151029467582703,-0.0010620777029544115,0.9999334216117859,-1.0073184967041016e-05,0.0013703107833862305,0.00015929399523884058,0.41409143805503845,0.6160433292388916,0.0012098128208890557,0.9999197721481323,-0.00013968348503112793,0.001214444637298584,-0.00015208707191050053,0.46511703729629517,0.6278296709060669,-0.292656272649765,0.9940024614334106,0.0027462244033813477,-0.0033184289932250977,0.014168590307235718,0.4025050699710846,0.6226869821548462,-0.29656288027763367,0.9887081384658813,-0.0029681622982025146,-0.0032981038093566895,0.003984004259109497,0.46544891595840454,0.761201024055481,-0.20176246762275696,0.9902470111846924,-0.0008980035781860352,-0.00031369924545288086,0.006689205765724182,0.4222668707370758,0.7639042139053345,-0.19316835701465607,0.9923833608627319,-0.0022451281547546387,-0.0019141435623168945,0.016793936491012573,0.4594128727912903,0.7748193144798279,-0.1966501772403717,0.9626356959342957,-0.0035663843154907227,-2.1159648895263672e-05,0.005594342947006226,0.42878255248069763,0.7786026000976562,-0.18787670135498047,0.9626982808113098,-0.0014419257640838623,-0.001753389835357666,0.018468812108039856,0.46342581510543823,0.7951322793960571,-0.3095269799232483,0.9902302622795105,2.4139881134033203e-06,8.481740951538086e-05,0.02286890149116516,0.41635361313819885,0.7984344959259033,-0.3037845492362976,0.9896588921546936,-0.0006972849369049072,-0.0011733770370483398,0.03163677453994751
0.42847901582717896,0.4430638253688812,-0.18450622260570526,0.9999954104423523,0.00019422173500061035,2.4437904357910156e-06,0.026969224214553833,0.43367108702659607,0.4339717924594879,-0.16995708644390106,0.9999919533729553,0.00020363926887512207,2.1159648895263672e-05,0.02598308026790619,0.43716198205947876,0.4338018000125885,-0.16998550295829773,0.9999920725822449,0.00021830201148986816,3.108382225036621e-05,0.025990501046180725,0.43987545371055603,0.43394735455513,-0.17001596093177795,0.9999920725822449,0.00028270483016967773,2.7298927307128906e-05,0.026004090905189514,0.4238263666629791,0.43561047315597534,-0.16750267148017883,0.9999869465827942,0.0002585947513580322,-1.710653305053711e-05,0.02592843770980835,0.42132019996643066,0.4361809194087982,-0.16755734384059906,0.9999868273735046,0.0002460479736328125,-1.4424324035644531e-05,0.025931328535079956,0.4189988672733307,0.4366273581981659,-0.16756688058376312,0.9999859929084778,0.00017410516738891602,-3.36766242980957e-05,0.025924935936927795,0.44598183035850525,0.44109487533569336,-0.08944142609834671,0.9999879002571106,0.0002745985984802246,-1.615285873413086e-05,0.02201852947473526,0.4174307882785797,0.44378459453582764,-0.07952016592025757,0.9999715685844421,8.32676887512207e-05,-7.539987564086914e-06,0.018832169473171234,0.4362873136997223,0.45431509613990784,-0.15584398806095123,0.999997615814209,0.0001640915870666504,3.0249357223510742e-05,0.02377624809741974,0.4239219129085541,0.45534414052963257,-0.1529553085565567,0.9999956488609314,0.00013747811317443848,-6.383657455444336e-05,0.022135168313980103,0.47642040252685547,0.5081622004508972,-0.051854562014341354,0.9999659657478333,0.00020709633827209473,0.0006080865859985352,0.016958702355623245,0.3984193801879883,0.5104357600212097,-0.03561042249202728,0.9999397993087769,6.830692291259766e-05,0.0009495019912719727,0.013295434415340424,0.494044691324234,0.5784176588058472,-0.1401965320110321,0.9670308232307434,0.001152127981185913,0.0007742643356323242,0.01944120228290558,0.3799275755882263,0.5708150863647461,-0.11649974435567856,0.9280713200569153,-0.0004641115665435791,0.00047284364700317383,0.019481725990772247,0.5054303407669067,0.6025462746620178,-0.2977955639362335,0.9458617568016052,0.00020754337310791016,-0.0007029175758361816,0.021856606006622314,0.36573362350463867,0.5990883111953735,-0.29583874344825745,0.9290958642959595,-1.6748905181884766e-05,0.0008157491683959961,0.029487043619155884,0.5133357644081116,0.6133570075035095,-0.3313910961151123,0.9258458614349365,0.0001799464225769043,-0.0006784200668334961,0.023830652236938477,0.35539406538009644,0.6109561920166016,-0.3298184871673584,0.915209949016571,-1.1026859283447266e-05,1.7404556274414062e-05,0.03242608904838562,0.509663999080658,0.6068183183670044,-0.3427061438560486,0.9334344267845154,-1.9073486328125e-06,-0.0011070966720581055,0.025546669960021973,0.3621283769607544,0.6067097187042236,-0.3432285189628601,0.9236157536506653,2.2292137145996094e-05,-0.0001475214958190918,0.032657623291015625,0.5053256750106812,0.6027923226356506,-0.3056288957595825,0.9166771173477173,-2.104043960571289e-05,-0.0012316107749938965,0.02273428440093994,0.3680371642112732,0.6034120321273804,-0.30544549226760864,0.9138538241386414,-3.3974647521972656e-05,7.87973403930664e-05,0.030033588409423828,0.46267932653427124,0.6165564656257629,-0.0009263593819923699,0.9999303817749023,0.001439899206161499,0.0014535188674926758,0.00013571832096204162,0.41513362526893616,0.6184173226356506,0.0010809076484292746,0.9999166131019592,0.001042187213897705,0.002373993396759033,-0.00012890517245978117,0.46693962812423706,0.6241657733917236,-0.28529247641563416,0.9939526915550232,0.0018225908279418945,-0.0036638975143432617,0.007363796234130859,0.4008985459804535,0.6211404800415039,-0.28932613134384155,0.9888288378715515,-0.0016065239906311035,-0.0015465021133422852,0.007236748933792114,0.4654426574707031,0.7607632875442505,-0.20715300738811493,0.9900726079940796,-6.258487701416016e-06,-0.00043773651123046875,-0.005390539765357971,0.4222470223903656,0.7636291980743408,-0.19325891137123108,0.9924013614654541,-1.9848346710205078e-05,-0.00027501583099365234,-9.055435657501221e-05,0.4594104290008545,0.7745659947395325,-0.2032240331172943,0.9624509811401367,-2.4437904357910156e-06,-0.00025331974029541016,-0.006573855876922607,0.42877429723739624,0.7784020304679871,-0.18948248028755188,0.9625716209411621,-8.255243301391602e-06,-0.00020056962966918945,-0.0016057789325714111,0.46358972787857056,0.7936729788780212,-0.31227678060531616,0.9900707006454468,0.00016391277313232422,-0.0014593005180358887,-0.002749800682067871,0.4159460961818695,0.7971193194389343,-0.30760902166366577,0.9894943237304688,-0.0004075169563293457,-0.0013151764869689941,-0.003824472427368164
0.42840567231178284,0.4430677592754364,-0.17222250998020172,0.9999953508377075,-7.334351539611816e-05,3.933906555175781e-06,0.01228371262550354,0.43370041251182556,0.4339624047279358,-0.15795928239822388,0.9999921917915344,2.9325485229492188e-05,-9.387731552124023e-06,0.011997804045677185,0.4371783137321472,0.433809369802475,-0.15798413753509521,0.9999923706054688,1.633167266845703e-05,7.569789886474609e-06,0.012001365423202515,0.4399471879005432,0.43396320939064026,-0.15801869332790375,0.999992311000824,7.173418998718262e-05,1.5854835510253906e-05,0.011997267603874207,0.4238881468772888,0.4355083405971527,-0.15463294088840485,0.9999867677688599,6.178021430969238e-05,-0.00010213255882263184,0.012869730591773987,0.42140287160873413,0.43607765436172485,-0.1546681523323059,0.999986469745636,8.26716423034668e-05,-0.00010326504707336426,0.012889191508293152,0.4190330505371094,0.4365433156490326,-0.15467151999473572,0.9999852776527405,3.4183263778686523e-05,-8.404254913330078e-05,0.012895360589027405,0.44612327218055725,0.44112834334373474,-0.07604028284549713,0.9999881982803345,0.00014144182205200195,3.3468008041381836e-05,0.013401143252849579,0.4175088405609131,0.443769633769989,-0.06169504672288895,0.9999701976776123,7.805228233337402e-05,-1.4960765838623047e-05,0.017825119197368622,0.4361754357814789,0.45435217022895813,-0.1431010663509369,0.9999977946281433,-0.0001118779182434082,3.707408905029297e-05,0.012742921710014343,0.42387837171554565,0.4552991986274719,-0.1390834003686905,0.9999958872795105,-4.354119300842285e-05,-4.494190216064453e-05,0.013871908187866211,0.4766572117805481,0.5088412165641785,-0.03691519424319267,0.9999643564224243,0.00023680925369262695,0.00067901611328125,0.014939367771148682,0.3986136317253113,0.5112699270248413,-0.012803671881556511,0.9999292492866516,0.00019425153732299805,0.0008341670036315918,0.022806750610470772,0.49448513984680176,0.5775274634361267,-0.12509283423423767,0.9648423790931702,0.000440448522567749,-0.000890195369720459,0.015103697776794434,0.379006952047348,0.5716254711151123,-0.09204576164484024,0.9253429770469666,-0.0009206235408782959,0.0008103847503662109,0.024453982710838318,0.5054237246513367,0.598787248134613,-0.2879142761230469,0.9467653036117554,-6.616115570068359e-06,-0.003759026527404785,0.009881287813186646,0.3656332790851593,0.5990601778030396,-0.2685079574584961,0.9265612959861755,-0.00010034441947937012,-2.8133392333984375e-05,0.027330785989761353,0.5137466788291931,0.6121929883956909,-0.3227962851524353,0.9281753301620483,0.00041091442108154297,-0.0011640191078186035,0.008594810962677002,0.35544365644454956,0.6110929846763611,-0.3020370304584503,0.9126853346824646,4.9591064453125e-05,0.00013679265975952148,0.02778145670890808,0.5097224116325378,0.6065558195114136,-0.3372582793235779,0.9357838034629822,5.841255187988281e-05,-0.0002624988555908203,0.005447864532470703,0.3622179627418518,0.6065768599510193,-0.3169589340686798,0.92134028673172,8.958578109741211e-05,-0.0001328587532043457,0.026269584894180298,0.505310595035553,0.6017748713493347,-0.29687193036079407,0.9195093512535095,-1.5079975128173828e-05,-0.001017451286315918,0.008756965398788452,0.3680284321308136,0.603391706943512,-0.2786625921726227,0.9121844172477722,-8.732080459594727e-06,-2.0325183868408203e-05,0.026782900094985962,0.4633324146270752,0.6198765635490417,-0.001044606789946556,0.999928891658783,0.0006530880928039551,0.0033200979232788086,-0.0001182474079541862,0.41596555709838867,0.6228321194648743,0.0012153901625424623,0.9999113082885742,0.0008319318294525146,0.004414796829223633,0.0001344825141131878,0.47050052881240845,0.6198928952217102,-0.2862514853477478,0.9940657019615173,0.0035609006881713867,-0.004272878170013428,-0.0009590089321136475,0.39910274744033813,0.620756208896637,-0.2876106798648834,0.9890235066413879,-0.0017957985401153564,-0.00038427114486694336,0.0017154514789581299,0.4656534790992737,0.7606193423271179,-0.23473572731018066,0.9901576638221741,0.00021082162857055664,-0.00014394521713256836,-0.027582719922065735,0.42223161458969116,0.7637079358100891,-0.21757161617279053,0.9923444390296936,-1.5407800674438477e-05,7.873773574829102e-05,-0.024312704801559448,0.4596709609031677,0.7745136022567749,-0.23405751585960388,0.9631533026695251,0.0002605319023132324,-5.239248275756836e-05,-0.03083348274230957,0.42878156900405884,0.7784880995750427,-0.21675603091716766,0.9627270698547363,7.271766662597656e-06,8.606910705566406e-05,-0.027273550629615784,0.4638798236846924,0.793695867061615,-0.3445541560649872,0.9901539087295532,0.00029009580612182617,2.288818359375e-05,-0.03227737545967102,0.4157729148864746,0.7970989346504211,-0.33247262239456177,0.9893898367881775,-0.00017318129539489746,-2.0384788513183594e-05,-0.024863600730895996
0.4289766848087311,0.44299137592315674,-0.13791103661060333,0.999995231628418,0.0005710124969482422,-7.638335227966309e-05,0.03431147336959839,0.4341875910758972,0.4339717924594879,-0.12469688802957535,0.9999923706054688,0.0004871785640716553,9.387731552124023e-06,0.03326239436864853,0.43762364983558655,0.4338351786136627,-0.1247163787484169,0.9999925494194031,0.00044533610343933105,2.580881118774414e-05,0.033267758786678314,0.44032174348831177,0.43403854966163635,-0.12473640590906143,0.9999924898147583,0.0003745555877685547,7.534027099609375e-05,0.033282287418842316,0.42439666390419006,0.43549785017967224,-0.12315882742404938,0.9999869465827942,0.0005085170269012451,-1.049041748046875e-05,0.03147411346435547,0.42179960012435913,0.4360649287700653,-0.12318404018878937,0.9999865293502808,0.000396728515625,-1.2725591659545898e-05,0.03148411214351654,0.41948357224464417,0.4365282356739044,-0.12318649142980576,0.9999852776527405,0.00045052170753479004,-1.5079975128173828e-05,0.03148502856492996,0.4464471936225891,0.4413852095603943,-0.05253719165921211,0.999988317489624,0.00032392144203186035,0.0002568662166595459,0.02350309118628502,0.4177009165287018,0.4437510073184967,-0.04693649709224701,0.9999701380729675,0.0001920759677886963,-1.862645149230957e-05,0.014758549630641937,0.43658336997032166,0.4543496370315552,-0.11245230585336685,0.9999979138374329,0.00040793418884277344,-2.5331974029541016e-06,0.030648760497570038,0.42418813705444336,0.45526018738746643,-0.1109035387635231,0.9999961256980896,0.0003097653388977051,-3.9011240005493164e-05,0.02817986160516739,0.47665634751319885,0.5091841816902161,-0.025330230593681335,0.999964714050293,-8.642673492431641e-07,0.00034296512603759766,0.011584963649511337,0.3987138867378235,0.5112399458885193,-0.007622836623340845,0.9999240040779114,0.00010025501251220703,-2.9981136322021484e-05,0.005180835258215666,0.49437299370765686,0.5771178603172302,-0.10207943618297577,0.963645339012146,-0.00011214613914489746,-0.0004096031188964844,0.023013398051261902,0.37899523973464966,0.5710713267326355,-0.0808926597237587,0.9256457686424255,-1.1712312698364258e-05,-0.0005541443824768066,0.011153101921081543,0.5050610899925232,0.5986378192901611,-0.2459179162979126,0.9478667974472046,-0.00036263465881347656,-0.0001494288444519043,0.04199635982513428,0.3662094175815582,0.593744695186615,-0.2429104745388031,0.926902711391449,0.0005761384963989258,-0.0053154826164245605,0.025597482919692993,0.5137115716934204,0.6117920279502869,-0.27638328075408936,0.9303630590438843,-3.510713577270508e-05,-0.00040096044540405273,0.04641300439834595,0.35655826330184937,0.6067593693733215,-0.27342236042022705,0.9132711291313171,0.0011146068572998047,-0.004333615303039551,0.028614670038223267,0.5096585750579834,0.6065797805786133,-0.2879188656806946,0.9377192854881287,-6.383657455444336e-05,2.396106719970703e-05,0.0493394136428833,0.36434316635131836,0.6026846170425415,-0.28566285967826843,0.9218664169311523,0.0021252036094665527,-0.003892242908477783,0.03129607439041138,0.505154550075531,0.6018049716949463,-0.25340211391448975,0.9220425486564636,-0.00015604496002197266,3.0100345611572266e-05,0.04346981644630432,0.36987215280532837,0.5993679165840149,-0.25160685181617737,0.9132470488548279,0.0018437206745147705,-0.00402379035949707,0.027055740356445312,0.4637834429740906,0.6189603209495544,-0.0014488608576357365,0.9999268054962158,0.00045102834701538086,-0.0009162425994873047,-0.0004042540676891804,0.41667231917381287,0.6214514970779419,0.001609456492587924,0.9999059438705444,0.0007067620754241943,-0.001380622386932373,0.00039406633004546165,0.4709016680717468,0.6178301572799683,-0.2528303563594818,0.9939858913421631,0.0004011392593383789,-0.0020627379417419434,0.03342112898826599,0.3986666202545166,0.6195448040962219,-0.2473091185092926,0.9888468980789185,-0.0004361271858215332,-0.001211404800415039,0.04030156135559082,0.46667638421058655,0.7591375112533569,-0.21279068291187286,0.9901554584503174,0.0010229051113128662,-0.0014818310737609863,0.0219450443983078,0.42156004905700684,0.7624748349189758,-0.1960267722606659,0.9921380877494812,-0.0006715655326843262,-0.0012331008911132812,0.021544843912124634,0.462609201669693,0.773567795753479,-0.21235962212085724,0.9618132710456848,0.0029382407665252686,-0.0009458065032958984,0.021697893738746643,0.42844218015670776,0.7776506543159485,-0.19409596920013428,0.9618282914161682,-0.0003393888473510742,-0.0008374452590942383,0.022660061717033386,0.4634053707122803,0.794989287853241,-0.31184205412864685,0.9900112152099609,-0.0004744529724121094,0.0012934207916259766,0.03271210193634033,0.414862722158432,0.7967531681060791,-0.2911471724510193,0.989065945148468,-0.0009101927280426025,-0.000345766544342041,0.04132544994354248
0.4296902120113373,0.44289252161979675,-0.16402366757392883,0.9999951720237732,0.0007135272026062012,-9.885430335998535e-05,-0.0261126309633255,0.43476247787475586,0.43396541476249695,-0.1505415290594101,0.9999925494194031,0.0005748867988586426,-6.377696990966797e-06,-0.025844641029834747,0.4381118714809418,0.43385034799575806,-0.15056464076042175,0.9999927878379822,0.0004882216453552246,1.5169382095336914e-05,-0.025848262012004852,0.44064396619796753,0.4340553283691406,-0.15059581398963928,0.9999926686286926,0.0003222227096557617,1.677870750427246e-05,-0.02585940808057785,0.4248717427253723,0.43530216813087463,-0.14821788668632507,0.9999869465827942,0.000475078821182251,-0.00019568204879760742,-0.025059059262275696,0.4220881462097168,0.4358339011669159,-0.14825749397277832,0.9999865889549255,0.000288546085357666,-0.00023102760314941406,-0.025073453783988953,0.4197801947593689,0.43627259135246277,-0.14826177060604095,0.9999850988388062,0.00029662251472473145,-0.0002556443214416504,-0.0250752791762352,0.44666361808776855,0.441435843706131,-0.07112257182598114,0.9999884963035583,0.00021642446517944336,5.0634145736694336e-05,-0.018585380166769028,0.417824923992157,0.44371742010116577,-0.06345467269420624,0.9999698400497437,0.0001240074634552002,-3.358721733093262e-05,-0.01651817560195923,0.43716973066329956,0.45431187748908997,-0.13602812588214874,0.9999980330467224,0.0005863606929779053,-3.775954246520996e-05,-0.02357582002878189,0.4246598184108734,0.45521607995033264,-0.13344016671180725,0.9999963045120239,0.0004716813564300537,-4.410743713378906e-05,-0.02253662794828415,0.4765729308128357,0.509077250957489,-0.03354836255311966,0.9999632835388184,-8.341670036315918e-05,-0.00010693073272705078,-0.008218131959438324,0.3986397385597229,0.511396050453186,-0.017873167991638184,0.9999161958694458,-7.414817810058594e-05,0.00015610456466674805,-0.010250331368297338,0.4943017363548279,0.5770600438117981,-0.11509771645069122,0.962010383605957,-7.125735282897949e-05,-5.7816505432128906e-05,-0.013018280267715454,0.3782808184623718,0.5708051323890686,-0.09517582505941391,0.926308274269104,-0.000714421272277832,-0.00026619434356689453,-0.014283165335655212,0.5051639676094055,0.5987016558647156,-0.26925644278526306,0.9479587078094482,0.00010287761688232422,6.383657455444336e-05,-0.023338526487350464,0.36620596051216125,0.594172477722168,-0.2682381570339203,0.9267087578773499,-3.4570693969726562e-06,0.0004277825355529785,-0.025327682495117188,0.5139560103416443,0.6115554571151733,-0.3018961250782013,0.9313385486602783,0.00024443864822387695,-0.0002365708351135254,-0.02551284432411194,0.35668832063674927,0.6071732640266418,-0.30124548077583313,0.9130621552467346,0.00013005733489990234,0.0004138946533203125,-0.02782312035560608,0.5102871656417847,0.6065895557403564,-0.3149124085903168,0.9387804865837097,0.0006285905838012695,9.775161743164062e-06,-0.026993542909622192,0.3643397092819214,0.6023117303848267,-0.31488871574401855,0.9217544198036194,-3.4570693969726562e-06,-0.00037288665771484375,-0.029225856065750122,0.5057917833328247,0.6018615961074829,-0.2775372862815857,0.9234272241592407,0.0006372332572937012,5.6624412536621094e-05,-0.024135172367095947,0.369743674993515,0.5989646315574646,-0.27774348855018616,0.9132377505302429,-0.0001284778118133545,-0.00040328502655029297,-0.02613663673400879,0.4637196660041809,0.6188786625862122,-0.0013064226368442178,0.9999248385429382,-6.377696990966797e-05,-8.165836334228516e-05,0.0001424382207915187,0.41658443212509155,0.6213297247886658,0.0014809499261900783,0.9998990893363953,-8.788704872131348e-05,-0.00012177228927612305,-0.00012850656639784575,0.4713876247406006,0.6171171069145203,-0.25543013215065,0.9940598607063293,0.00048595666885375977,-0.000713050365447998,-0.002599775791168213,0.3982757329940796,0.6193876266479492,-0.2482919991016388,0.9889331459999084,-0.0003908872604370117,-0.00015717744827270508,-0.0009828805923461914,0.4664207100868225,0.7588239908218384,-0.22763407230377197,0.9902662634849548,-0.0002556741237640381,-0.0003135204315185547,-0.014843389391899109,0.42031851410865784,0.7626160383224487,-0.2083599865436554,0.9919078350067139,-0.001241534948348999,0.0001412034034729004,-0.012333214282989502,0.46220770478248596,0.7735579013824463,-0.2270236313343048,0.9617713093757629,-0.00040149688720703125,-9.894371032714844e-06,-0.01466400921344757,0.42712315917015076,0.7776670455932617,-0.20689570903778076,0.9609230756759644,-0.0013190209865570068,1.6391277313232422e-05,-0.012799739837646484,0.46215397119522095,0.7953829169273376,-0.3372909128665924,0.9900927543640137,-0.0012513995170593262,0.0003936290740966797,-0.025448858737945557,0.41401419043540955,0.7967996001243591,-0.31632333993911743,0.9887328147888184,-0.0008485317230224609,4.64320182800293e-05,-0.025176167488098145
0.4299853444099426,0.4428347945213318,-0.16717830300331116,0.9999951720237732,0.0002951323986053467,-5.772709846496582e-05,-0.0031546354293823242,0.43489161133766174,0.4339260458946228,-0.15187200903892517,0.9999927878379822,0.0001291334629058838,-3.936886787414551e-05,-0.0013304799795150757,0.43822747468948364,0.43381670117378235,-0.15189823508262634,0.999993085861206,0.00011560320854187012,-3.364682197570801e-05,-0.0013335943222045898,0.4407416880130768,0.43402671813964844,-0.15193095803260803,0.9999929070472717,9.772181510925293e-05,-2.86102294921875e-05,-0.00133514404296875,0.42502889037132263,0.4352121949195862,-0.149576798081398,0.999987006187439,0.00015714764595031738,-8.997321128845215e-05,-0.001358911395072937,0.42222580313682556,0.43576258420944214,-0.14961513876914978,0.9999865293502808,0.00013765692710876465,-7.131695747375488e-05,-0.00135764479637146,0.4199710488319397,0.43623724579811096,-0.149619460105896,0.999984860420227,0.00019085407257080078,-3.534555435180664e-05,-0.0013576894998550415,0.4468843936920166,0.4414208233356476,-0.06563207507133484,0.9999889135360718,0.00022077560424804688,-1.5020370483398438e-05,0.005490496754646301,0.4181404709815979,0.4437745213508606,-0.05639926716685295,0.999969482421875,0.00031554698944091797,5.710124969482422e-05,0.007055405527353287,0.4375734329223633,0.45424431562423706,-0.13681313395500183,0.999998152256012,0.0004037022590637207,-6.756186485290527e-05,-0.0007850080728530884,0.4250028729438782,0.4552157521247864,-0.13421475887298584,0.999996542930603,0.00034305453300476074,-3.2782554626464844e-07,-0.0007745921611785889,0.4768756031990051,0.509621262550354,-0.0253042783588171,0.9999616146087646,0.0003026723861694336,0.0005440115928649902,0.008244084194302559,0.3987981975078583,0.5116422176361084,-0.006105754990130663,0.9999074339866638,0.00015845894813537598,0.0002461671829223633,0.01176741300150752,0.4948803782463074,0.5782574415206909,-0.11889608204364777,0.9602093696594238,0.0005786418914794922,0.0011973977088928223,-0.003798365592956543,0.3781176805496216,0.5707680583000183,-0.0923638790845871,0.9257599115371704,-0.00016313791275024414,-3.707408905029297e-05,0.0028119459748268127,0.505262553691864,0.5976371765136719,-0.28955018520355225,0.9486448168754578,9.85860824584961e-05,-0.0010644793510437012,-0.020293742418289185,0.36616265773773193,0.5942688584327698,-0.27560967206954956,0.9260220527648926,-4.330277442932129e-05,9.638071060180664e-05,-0.0073715150356292725,0.5140427350997925,0.6110604405403137,-0.32755497097969055,0.9332643151283264,8.672475814819336e-05,-0.0004950165748596191,-0.025658845901489258,0.35668307542800903,0.6074409484863281,-0.3086855709552765,0.9124613404273987,-5.245208740234375e-06,0.0002676844596862793,-0.007440090179443359,0.5103235840797424,0.6058489680290222,-0.34116777777671814,0.9406569600105286,3.641843795776367e-05,-0.0007405877113342285,-0.026255369186401367,0.36423999071121216,0.6023732423782349,-0.3225348889827728,0.9211610555648804,-9.971857070922852e-05,6.151199340820312e-05,-0.0076461732387542725,0.5058210492134094,0.601069450378418,-0.2986892759799957,0.9255144000053406,2.9265880584716797e-05,-0.0007921457290649414,-0.021151989698410034,0.36962759494781494,0.5991306900978088,-0.2853206992149353,0.9128175973892212,-0.00011608004570007324,0.00016605854034423828,-0.0075772106647491455,0.46377211809158325,0.6212867498397827,-0.0013507484691217542,0.9999225735664368,5.245208740234375e-05,0.0024080872535705566,-4.432583227753639e-05,0.41678205132484436,0.623620331287384,0.0015399279072880745,0.9998936653137207,0.00019761919975280762,0.0022906064987182617,5.8977981097996235e-05,0.4735521376132965,0.6148792505264282,-0.292202889919281,0.9942837357521057,0.002164512872695923,-0.002237856388092041,-0.03677275776863098,0.39803847670555115,0.6188923716545105,-0.2853695750236511,0.9893132448196411,-0.00023725628852844238,-0.0004952549934387207,-0.03707757592201233,0.4668557047843933,0.7587859630584717,-0.2500712275505066,0.9905419945716858,0.0004349946975708008,-3.802776336669922e-05,-0.02243715524673462,0.4199601113796234,0.7623953223228455,-0.23517227172851562,0.9919391870498657,-0.00035840272903442383,-0.00022071599960327148,-0.02681228518486023,0.46277928352355957,0.7737518548965454,-0.25055021047592163,0.9626025557518005,0.0005715787410736084,0.0001939535140991211,-0.02352657914161682,0.4266276955604553,0.7774659991264343,-0.23490437865257263,0.9615491628646851,-0.0004954636096954346,-0.00020104646682739258,-0.02800866961479187,0.46237510442733765,0.7954994440078735,-0.3682294487953186,0.9903554320335388,0.00022113323211669922,0.00011652708053588867,-0.030938535928726196,0.413691908121109,0.7968990206718445,-0.355144202709198,0.988841712474823,-0.0003222823143005371,9.942054748535156e-05,-0.038820862770080566
0.43022751808166504,0.4427526891231537,-0.1408320814371109,0.999995231628418,0.0002421736717224121,-8.210539817810059e-05,0.026346221566200256,0.43494611978530884,0.43388473987579346,-0.12658992409706116,0.999993085861206,5.4508447647094727e-05,-4.13060188293457e-05,0.025282084941864014,0.43827420473098755,0.4337780177593231,-0.12661029398441315,0.9999933838844299,4.673004150390625e-05,-3.8683414459228516e-05,0.025287941098213196,0.44079238176345825,0.43397384881973267,-0.12662780284881592,0.9999932646751404,5.0693750381469727e-05,-5.2869319915771484e-05,0.025303155183792114,0.4251348078250885,0.43510299921035767,-0.12475617974996567,0.9999874234199524,0.00010591745376586914,-0.00010919570922851562,0.024820618331432343,0.4223291277885437,0.43568381667137146,-0.12478705495595932,0.9999868273735046,0.00010332465171813965,-7.876753807067871e-05,0.02482808381319046,0.4200771450996399,0.43621549010276794,-0.12479092925786972,0.9999851584434509,0.00010609626770019531,-2.1755695343017578e-05,0.024828530848026276,0.44701582193374634,0.44140520691871643,-0.04983941465616226,0.9999893307685852,0.00013142824172973633,-1.5616416931152344e-05,0.015792660415172577,0.41820502281188965,0.44380393624305725,-0.04263414442539215,0.9999698996543884,6.455183029174805e-05,2.9414892196655273e-05,0.0137651227414608,0.43789976835250854,0.4540497660636902,-0.11390819400548935,0.9999982714653015,0.00032633543014526367,-0.000194549560546875,0.02290493994951248,0.4254058301448822,0.45508188009262085,-0.11186854541301727,0.9999967217445374,0.0004029572010040283,-0.00013387203216552734,0.022346213459968567,0.4771755337715149,0.5105457901954651,-0.018270285800099373,0.9999620318412781,0.0002999305725097656,0.000924527645111084,0.007033992558717728,0.3990761339664459,0.5115111470222473,-0.0026461584493517876,0.9999054074287415,0.0002779364585876465,-0.00013107061386108398,0.0034595965407788754,0.4948710501194,0.5779950022697449,-0.09723402559757233,0.9580891132354736,-9.328126907348633e-06,-0.0002624392509460449,0.02166205644607544,0.378386527299881,0.5691097974777222,-0.07658681273460388,0.9256286025047302,0.0002688467502593994,-0.0016582608222961426,0.015777066349983215,0.5052876472473145,0.5976302623748779,-0.2486695945262909,0.9492172002792358,2.5093555450439453e-05,-6.9141387939453125e-06,0.04088059067726135,0.3664863705635071,0.5928645730018616,-0.23874182999134064,0.9251880049705505,0.0003237128257751465,-0.0014042854309082031,0.03686784207820892,0.5142322778701782,0.610973596572876,-0.28097742795944214,0.9349098205566406,0.0001895427703857422,-8.684396743774414e-05,0.04657754302024841,0.3569510281085968,0.6062261462211609,-0.2693006992340088,0.9114317297935486,0.00026795268058776855,-0.0012148022651672363,0.0393848717212677,0.5103516578674316,0.6056565046310425,-0.2941872179508209,0.9422522187232971,2.8073787689208984e-05,-0.00019246339797973633,0.04698055982589722,0.3642023205757141,0.6022847890853882,-0.2836621403694153,0.9203248620033264,-3.7670135498046875e-05,-8.845329284667969e-05,0.038872748613357544,0.5058016180992126,0.6008502244949341,-0.25722676515579224,0.9277288913726807,-1.9431114196777344e-05,-0.00021922588348388672,0.04146251082420349,0.3696337938308716,0.5987260937690735,-0.24848052859306335,0.9128842949867249,6.198883056640625e-06,-0.00040459632873535156,0.03684017062187195,0.46377092599868774,0.6219215393066406,-0.0012633095029741526,0.9999225735664368,-1.1920928955078125e-06,0.0006347894668579102,8.74389661476016e-05,0.41742315888404846,0.6246597766876221,0.0014497770462185144,0.9998931884765625,0.0006411075592041016,0.0010394454002380371,-9.015086106956005e-05,0.47608962655067444,0.6137378811836243,-0.2643817663192749,0.9943936467170715,0.0025374889373779297,-0.001141369342803955,0.027821123600006104,0.3980259299278259,0.6180399656295776,-0.2662283480167389,0.9897357225418091,-1.2546777725219727e-05,-0.0008524060249328613,0.01914122700691223,0.46783512830734253,0.7570066452026367,-0.22607222199440002,0.9907501935958862,0.0009794235229492188,-0.001779317855834961,0.023999005556106567,0.41950955986976624,0.7609482407569885,-0.22169220447540283,0.991958498954773,-0.00045055150985717773,-0.0014470815658569336,0.013480067253112793,0.46360453963279724,0.7734461426734924,-0.2262074053287506,0.962684690952301,0.0008252561092376709,-0.0003057122230529785,0.02434280514717102,0.4266666769981384,0.7771846055984497,-0.21949803829193115,0.9618620276451111,3.898143768310547e-05,-0.00028139352798461914,0.01540634036064148,0.4633850157260895,0.7954874038696289,-0.3284148573875427,0.9904229640960693,0.001009911298751831,-1.2040138244628906e-05,0.03981459140777588,0.41337600350379944,0.7968875765800476,-0.3133662939071655,0.9887937307357788,-0.0003159046173095703,-1.1444091796875e-05,0.04177790880203247
0.43171167373657227,0.4425192177295685,-0.12065477669239044,0.9999955296516418,0.0014841556549072266,-0.00023347139358520508,0.02017730474472046,0.43599820137023926,0.433836430311203,-0.10557923465967178,0.999993622303009,0.00105208158493042,-4.83095645904541e-05,0.021010689437389374,0.4390823245048523,0.4337337613105774,-0.10560067743062973,0.9999938607215881,0.0008081197738647461,-4.425644874572754e-05,0.021009616553783417,0.4413658678531647,0.43391895294189453,-0.10560406744480133,0.9999938011169434,0.0005734860897064209,-5.4895877838134766e-05,0.021023735404014587,0.42634448409080505,0.4350328743457794,-0.10540707409381866,0.999988317489624,0.0012096762657165527,-7.012486457824707e-05,0.019349105656147003,0.42322906851768494,0.4356688857078552,-0.10542665421962738,0.9999877214431763,0.0008999407291412354,-1.4930963516235352e-05,0.01936040073633194,0.420992910861969,0.4361993968486786,-0.10542118549346924,0.9999861717224121,0.0009157657623291016,-1.609325408935547e-05,0.019369743764400482,0.4474702477455139,0.4413977265357971,-0.031035467982292175,0.9999901056289673,0.0004544258117675781,-7.4803829193115234e-06,0.018803946673870087,0.41860708594322205,0.4440873861312866,-0.03183465451002121,0.9999717473983765,0.00040206313133239746,0.0002834498882293701,0.010799489915370941,0.4392361640930176,0.4539385735988617,-0.09488319605588913,0.9999983906745911,0.0013363957405090332,-0.00011119246482849121,0.01902499794960022,0.4270400404930115,0.4550650715827942,-0.09508560597896576,0.9999969601631165,0.0016342103481292725,-1.6808509826660156e-05,0.016782939434051514,0.477425754070282,0.5115159749984741,-0.008128819055855274,0.9999642968177795,0.00025022029876708984,0.0009701848030090332,0.010141466744244099,0.3991341292858124,0.5120667815208435,0.001102616311982274,0.9999052286148071,5.799531936645508e-05,0.0005556344985961914,0.0037487747613340616,0.4948282837867737,0.5778632760047913,-0.08410932868719101,0.9583121538162231,-4.2766332626342773e-05,-0.00013172626495361328,0.013124696910381317,0.3786907494068146,0.5689182281494141,-0.06941695511341095,0.92632657289505,0.00030422210693359375,-0.00019156932830810547,0.007169857621192932,0.5054789781570435,0.5961653590202332,-0.2323048859834671,0.9523792266845703,0.0001913309097290039,-0.0014649033546447754,0.01636470854282379,0.367266982793808,0.591749906539917,-0.22319093346595764,0.926749587059021,0.0007806122303009033,-0.00111466646194458,0.015550896525382996,0.5144262909889221,0.6102136969566345,-0.2632251977920532,0.9390559792518616,0.00019401311874389648,-0.0007598996162414551,0.017752230167388916,0.357704222202301,0.6043679118156433,-0.25208380818367004,0.9130597114562988,0.0007531940937042236,-0.0018582344055175781,0.017216891050338745,0.5103046894073486,0.6050221920013428,-0.274467408657074,0.9459537267684937,-4.696846008300781e-05,-0.000634312629699707,0.019719809293746948,0.36462002992630005,0.6002341508865356,-0.2651370167732239,0.9218255877494812,0.0004177093505859375,-0.002050638198852539,0.018525123596191406,0.505725622177124,0.5999088883399963,-0.2398834228515625,0.9323694109916687,-7.599592208862305e-05,-0.0009413361549377441,0.017343342304229736,0.37004008889198303,0.5958903431892395,-0.23207974433898926,0.914878249168396,0.0004062950611114502,-0.0028357505798339844,0.016400784254074097,0.4638786315917969,0.621498703956604,-0.0003383193688932806,0.9999210834503174,0.00010770559310913086,-0.0004228353500366211,0.0009249901340808719,0.41734153032302856,0.6242727637290955,0.0004937376943416893,0.9998893141746521,-8.162856101989746e-05,-0.00038701295852661133,-0.0009560393518768251,0.4759541153907776,0.6136016845703125,-0.23630797863006592,0.9943080544471741,-0.00013551115989685059,-0.00013619661331176758,0.028073787689208984,0.39829978346824646,0.6165796518325806,-0.24465379118919373,0.9899327754974365,0.0002738535404205322,-0.0014603137969970703,0.021574556827545166,0.4676883816719055,0.7530707120895386,-0.19620372354984283,0.9907734990119934,-0.00014674663543701172,-0.0039359331130981445,0.02986849844455719,0.4190301299095154,0.7609593868255615,-0.1936061531305313,0.9920001029968262,-0.0004794299602508545,1.1146068572998047e-05,0.02808605134487152,0.4632137715816498,0.7715433835983276,-0.19546808302402496,0.9620728492736816,-0.00039076805114746094,-0.001902759075164795,0.030739322304725647,0.4261776804924011,0.7771338820457458,-0.19091524183750153,0.9620248675346375,-0.0004889965057373047,-5.072355270385742e-05,0.028582796454429626,0.4633578360080719,0.794241189956665,-0.29163792729377747,0.9903214573860168,-2.7179718017578125e-05,-0.0012462139129638672,0.03677693009376526,0.4128029942512512,0.7969152331352234,-0.2837942838668823,0.9887956380844116,-0.0005730092525482178,2.765655517578125e-05,0.029572010040283203
0.43172916769981384,0.44258496165275574,-0.1383046954870224,0.9999955892562866,1.749396324157715e-05,6.574392318725586e-05,-0.017649918794631958,0.4361497461795807,0.4338649809360504,-0.12376401573419571,0.9999939203262329,0.00015154480934143066,2.855062484741211e-05,-0.018184781074523926,0.4392603933811188,0.43375495076179504,-0.12379095703363419,0.999994158744812,0.0001780688762664795,2.1189451217651367e-05,-0.018190279603004456,0.4415067136287689,0.4339291453361511,-0.12381526082754135,0.9999940991401672,0.00014084577560424805,1.0192394256591797e-05,-0.01821119338274002,0.42631998658180237,0.4350588917732239,-0.12284823507070541,0.9999886751174927,-2.4497509002685547e-05,2.6017427444458008e-05,-0.01744116097688675,0.4232274889945984,0.4357250928878784,-0.12287728488445282,0.9999879598617554,-1.5795230865478516e-06,5.620718002319336e-05,-0.01745063066482544,0.4209775924682617,0.4363238513469696,-0.12287861108779907,0.9999864101409912,-1.531839370727539e-05,0.00012445449829101562,-0.017457425594329834,0.4476069509983063,0.4413851499557495,-0.04625887796282768,0.9999904632568359,0.0001367032527923584,-1.2576580047607422e-05,-0.015223409980535507,0.41859689354896545,0.4442501962184906,-0.043265558779239655,0.9999718070030212,-1.0192394256591797e-05,0.0001628100872039795,-0.011430904269218445,0.4392663836479187,0.45416396856307983,-0.11103109270334244,0.9999984502792358,3.0219554901123047e-05,0.00022539496421813965,-0.016147896647453308,0.42698606848716736,0.4554430842399597,-0.11018787324428558,0.999997079372406,-5.397200584411621e-05,0.00037801265716552734,-0.015102267265319824,0.47763490676879883,0.512046754360199,-0.015693705528974533,0.9999649524688721,0.0002091526985168457,0.0005307793617248535,-0.007564886473119259,0.3991582989692688,0.5123918652534485,-0.0033788192085921764,0.9998981952667236,2.41696834564209e-05,0.00032508373260498047,-0.0044814355205744505,0.496267706155777,0.5788527727127075,-0.09229735285043716,0.9582393765449524,0.001439422369003296,0.0009894967079162598,-0.008188024163246155,0.37867727875709534,0.5693899393081665,-0.07050587236881256,0.9258190393447876,-1.3470649719238281e-05,0.0004717111587524414,-0.0010889172554016113,0.5061343908309937,0.5963940024375916,-0.23886582255363464,0.9536094069480896,0.0006554126739501953,0.00022864341735839844,-0.0065609365701675415,0.3662363588809967,0.5984647274017334,-0.22331146895885468,0.9243992567062378,-0.0010306239128112793,0.006714820861816406,-0.00012053549289703369,0.5146318674087524,0.6102361679077148,-0.2698467969894409,0.9409219026565552,0.00020557641983032227,2.2470951080322266e-05,-0.006621599197387695,0.3569577634334564,0.6112326979637146,-0.25241968035697937,0.9101977944374084,-0.0007464587688446045,0.006864786148071289,-0.00033587217330932617,0.5102964639663696,0.6043716073036194,-0.2829456329345703,0.9476994872093201,-8.225440979003906e-06,-0.0006505846977233887,-0.008478224277496338,0.362649142742157,0.6067387461662292,-0.26828446984291077,0.9192517399787903,-0.0019708871841430664,0.0065045952796936035,-0.0031474530696868896,0.5057117342948914,0.599204421043396,-0.24706986546516418,0.9345706701278687,-1.3887882232666016e-05,-0.0007044672966003418,-0.007186442613601685,0.36779433488845825,0.6040937900543213,-0.2333238124847412,0.9131428003311157,-0.0022457540035247803,0.008203446865081787,-0.0012440681457519531,0.4639890193939209,0.6217553019523621,-0.0004008980467915535,0.9999220371246338,0.00011038780212402344,0.00025659799575805664,-6.257867789827287e-05,0.41737523674964905,0.6246612668037415,0.0005593948299065232,0.999889612197876,3.37064266204834e-05,0.0003885030746459961,6.565713556483388e-05,0.4759541451931,0.6128855347633362,-0.2454453706741333,0.994419276714325,2.9802322387695312e-08,-0.0007161498069763184,-0.009137392044067383,0.39855441451072693,0.6152276992797852,-0.2533223330974579,0.9902033805847168,0.00025463104248046875,-0.0013519525527954102,-0.00866854190826416,0.4676717221736908,0.7530129551887512,-0.20577168464660645,0.9910102486610413,-1.665949821472168e-05,-5.7756900787353516e-05,-0.00956796109676361,0.4192841649055481,0.7605090737342834,-0.19743317365646362,0.9920516610145569,0.00025403499603271484,-0.00045031309127807617,-0.003827020525932312,0.463517427444458,0.771070659160614,-0.20501652359962463,0.9623267650604248,0.00030365586280822754,-0.00047272443771362305,-0.00954844057559967,0.4262332022190094,0.7766284942626953,-0.19496533274650574,0.9622747302055359,5.552172660827637e-05,-0.0005053877830505371,-0.004050090909004211,0.4629541039466858,0.7942420244216919,-0.3067874610424042,0.9904705286026001,-0.0004037320613861084,8.344650268554688e-07,-0.015149533748626709,0.4120388925075531,0.7969087958335876,-0.2969651520252228,0.9888144135475159,-0.0007641017436981201,-6.4373016357421875e-06,-0.013170868158340454
0.4315670132637024,0.4426082968711853,-0.11594198644161224,0.9999957084655762,-0.0001621544361114502,2.333521842956543e-05,0.022362709045410156,0.43609553575515747,0.4338889718055725,-0.10208181291818619,0.9999942183494568,-5.4210424423217773e-05,2.3990869522094727e-05,0.02168220281600952,0.4391990602016449,0.433766633272171,-0.1021106019616127,0.9999943971633911,-6.133317947387695e-05,1.1682510375976562e-05,0.021680355072021484,0.44146600365638733,0.4339336156845093,-0.10212981700897217,0.9999943971633911,-4.07099723815918e-05,4.470348358154297e-06,0.021685443818569183,0.42627304792404175,0.4351138472557068,-0.10163229703903198,0.9999891519546509,-4.693865776062012e-05,5.4955482482910156e-05,0.02121593803167343,0.42321673035621643,0.435793399810791,-0.1016559824347496,0.999988317489624,-1.0758638381958008e-05,6.830692291259766e-05,0.021221302449703217,0.42092165350914,0.43645092844963074,-0.10166062414646149,0.9999868273735046,-5.59389591217041e-05,0.0001270771026611328,0.021217986941337585,0.4475786089897156,0.4412907361984253,-0.030791470780968666,0.9999909400939941,-2.8342008590698242e-05,-9.441375732421875e-05,0.015467407181859016,0.4184868335723877,0.4445023536682129,-0.029439866542816162,0.9999724626541138,-0.00011005997657775879,0.00025215744972229004,0.013825692236423492,0.43913373351097107,0.4541667103767395,-0.09115545451641083,0.9999985694885254,-0.00013265013694763184,2.7418136596679688e-06,0.01987563818693161,0.4268384575843811,0.4554189443588257,-0.09072484076023102,0.9999972581863403,-0.00014761090278625488,-2.4139881134033203e-05,0.019463032484054565,0.4778103232383728,0.512012243270874,-0.008619648404419422,0.9999666213989258,0.0001754164695739746,-3.451108932495117e-05,0.007074057124555111,0.39913618564605713,0.5125632882118225,0.002882284577935934,0.9998948574066162,-2.2113323211669922e-05,0.00017142295837402344,0.0062611037865281105,0.4966508746147156,0.579310417175293,-0.08220192044973373,0.9572096467018127,0.00038316845893859863,0.0004576444625854492,0.01009543240070343,0.3787856101989746,0.5696216821670532,-0.06357650458812714,0.9240769743919373,0.00010833144187927246,0.00023174285888671875,0.006929367780685425,0.5061181783676147,0.5965203046798706,-0.22150897979736328,0.954306423664093,-1.621246337890625e-05,0.00012630224227905273,0.017356842756271362,0.3662330210208893,0.5982818603515625,-0.21199850738048553,0.9214697480201721,-3.337860107421875e-06,-0.00018286705017089844,0.01131296157836914,0.5146228075027466,0.6100919842720032,-0.25040289759635925,0.9423922300338745,-9.059906005859375e-06,-0.00014418363571166992,0.019443899393081665,0.3571658432483673,0.6083102822303772,-0.23960450291633606,0.9072073698043823,0.00020807981491088867,-0.0029224157333374023,0.01281517744064331,0.5101430416107178,0.6040522456169128,-0.261907160282135,0.9489425420761108,-0.00015342235565185547,-0.00031936168670654297,0.021038472652435303,0.36265891790390015,0.6030086278915405,-0.25406432151794434,0.916424036026001,9.775161743164062e-06,-0.0037301182746887207,0.01422014832496643,0.5055090188980103,0.5991123914718628,-0.2290763407945633,0.9362872242927551,-0.00020271539688110352,-9.202957153320312e-05,0.01799352467060089,0.3677692115306854,0.6014305353164673,-0.22154748439788818,0.9111288189888,-2.512335777282715e-05,-0.002663254737854004,0.011776328086853027,0.46488913893699646,0.621694803237915,-0.0008550558122806251,0.9999234676361084,0.0009001195430755615,-6.0498714447021484e-05,-0.0004541577654890716,0.41905635595321655,0.6261739730834961,0.0009940763702616096,0.9998912811279297,0.0016811192035675049,0.0015127062797546387,0.0004346815403550863,0.47591161727905273,0.610488772392273,-0.22195708751678467,0.9943794012069702,-4.252791404724121e-05,-0.0023967623710632324,0.023488283157348633,0.39705535769462585,0.6124690175056458,-0.23060087859630585,0.9902973771095276,-0.0014990568161010742,-0.0027586817741394043,0.02272145450115204,0.46814218163490295,0.7523504495620728,-0.18499478697776794,0.9911476373672485,0.0004704594612121582,-0.0006625056266784668,0.0207768976688385,0.4189687669277191,0.7587817311286926,-0.17875155806541443,0.9921815395355225,-0.0003153979778289795,-0.0017273426055908203,0.018681615591049194,0.46446770429611206,0.7692403197288513,-0.18420878052711487,0.9614366292953491,0.0009502768516540527,-0.0018303394317626953,0.020807743072509766,0.4260895252227783,0.7743602991104126,-0.17600400745868683,0.9629342555999756,-0.0001436769962310791,-0.002268195152282715,0.01896132528781891,0.4629608988761902,0.7942450642585754,-0.2778591513633728,0.9904804229736328,6.794929504394531e-06,3.039836883544922e-06,0.028928309679031372,0.41030532121658325,0.7970607876777649,-0.2649921476840973,0.9889609217643738,-0.0017335712909698486,0.0001519918441772461,0.03197300434112549
0.43160516023635864,0.44261664152145386,-0.1310049444437027,0.999995768070221,3.814697265625e-05,8.344650268554688e-06,-0.015062958002090454,0.4360164999961853,0.43389952182769775,-0.11667533218860626,0.9999943971633911,-7.903575897216797e-05,1.055002212524414e-05,-0.014593519270420074,0.4391474723815918,0.4337708055973053,-0.1167062297463417,0.9999946355819702,-5.1587820053100586e-05,4.172325134277344e-06,-0.014595627784729004,0.4414449632167816,0.4339374601840973,-0.11672946065664291,0.9999946355819702,-2.104043960571289e-05,3.844499588012695e-06,-0.014599643647670746,0.4262309968471527,0.4351716935634613,-0.11623132228851318,0.9999893307685852,-4.2051076889038086e-05,5.78463077545166e-05,-0.014599025249481201,0.4232131540775299,0.4359034597873688,-0.11625740677118301,0.9999884366989136,-3.5762786865234375e-06,0.00011005997657775879,-0.01460142433643341,0.4209180772304535,0.43665096163749695,-0.11625848710536957,0.9999868869781494,-3.5762786865234375e-06,0.00020003318786621094,-0.014597862958908081,0.44750961661338806,0.44124704599380493,-0.0411098375916481,0.9999912977218628,-6.899237632751465e-05,-4.369020462036133e-05,-0.010318366810679436,0.41845640540122986,0.44468870759010315,-0.039815761148929596,0.9999722838401794,-3.0428171157836914e-05,0.0001863539218902588,-0.010375894606113434,0.43911734223365784,0.4541729688644409,-0.10445727407932281,0.9999986290931702,-1.6391277313232422e-05,6.258487701416016e-06,-0.013301819562911987,0.42690762877464294,0.45544177293777466,-0.10415428876876831,0.9999973773956299,6.917119026184082e-05,2.282857894897461e-05,-0.013429448008537292,0.4777769446372986,0.5120746493339539,-0.014093744568526745,0.9999678134918213,-3.337860107421875e-05,6.240606307983398e-05,-0.005474096164107323,0.39931684732437134,0.5126718878746033,-0.002573323203250766,0.9998863339424133,0.00018066167831420898,0.00010859966278076172,-0.0054556077811867,0.49653196334838867,0.5786321759223938,-0.0890820249915123,0.9566184878349304,-0.0001189112663269043,-0.0006782412528991699,-0.0068801045417785645,0.3794699013233185,0.569614827632904,-0.07225734740495682,0.9214820265769958,0.0006842911243438721,-6.854534149169922e-06,-0.008680842816829681,0.5061115622520447,0.5972122550010681,-0.23464536666870117,0.9554711580276489,-6.616115570068359e-06,0.0006919503211975098,-0.01313638687133789,0.36576610803604126,0.5980966687202454,-0.22825035452842712,0.9186233282089233,-0.00046691298484802246,-0.00018519163131713867,-0.01625184714794159,0.5146175622940063,0.6103412508964539,-0.26459982991218567,0.9443179368972778,-5.245208740234375e-06,0.0002492666244506836,-0.014196932315826416,0.3569179177284241,0.6088266372680664,-0.25715047121047974,0.9048986434936523,-0.0002479255199432373,0.000516355037689209,-0.017545968294143677,0.5102308988571167,0.6042627692222595,-0.2768401801586151,0.9506558179855347,8.785724639892578e-05,0.0002105236053466797,-0.014933019876480103,0.36167198419570923,0.6042408347129822,-0.2718689739704132,0.914219319820404,-0.000986933708190918,0.0012322068214416504,-0.017804652452468872,0.5055724382400513,0.5996262431144714,-0.24254460632801056,0.9383706450462341,6.341934204101562e-05,0.0005138516426086426,-0.013468265533447266,0.36640557646751404,0.6022378206253052,-0.238016277551651,0.9089838862419128,-0.0013636350631713867,0.0008072853088378906,-0.016468793153762817,0.46481943130493164,0.6216046214103699,-0.0001414360449416563,0.9999231100082397,-6.970763206481934e-05,-9.018182754516602e-05,0.0007136197673389688,0.4189886152744293,0.6257628798484802,0.00027519132709130645,0.9998880624771118,-6.774067878723145e-05,-0.00041109323501586914,-0.0007188850431703031,0.4756958484649658,0.611464262008667,-0.23651719093322754,0.9943293929100037,-0.00021576881408691406,0.000975489616394043,-0.014560103416442871,0.39790433645248413,0.6127935647964478,-0.2435385286808014,0.9903221726417542,0.0008489787578582764,0.00032454729080200195,-0.012937650084495544,0.46894821524620056,0.7522435784339905,-0.18376044929027557,0.9912118315696716,0.0008060336112976074,-0.00010687112808227539,0.0012343376874923706,0.4190143644809723,0.7589102387428284,-0.17874005436897278,0.9922367334365845,4.559755325317383e-05,0.0001285076141357422,1.150369644165039e-05,0.465648889541626,0.768871009349823,-0.18204662203788757,0.9602791666984558,0.001181185245513916,-0.0003693103790283203,0.002162158489227295,0.4260110855102539,0.7741352319717407,-0.1752176284790039,0.9627934098243713,-7.843971252441406e-05,-0.000225067138671875,0.0007863789796829224,0.46319693326950073,0.794521689414978,-0.2810705602169037,0.9904381632804871,0.00023603439331054688,0.0002766251564025879,-0.003211408853530884,0.4103213846683502,0.7972631454467773,-0.2719249427318573,0.9890779256820679,1.6063451766967773e-05,0.00020235776901245117,-0.00693279504776001
0.43174639344215393,0.44263115525245667,-0.1163085550069809,0.9999958276748657,0.00014123320579528809,1.4513731002807617e-05,0.014696389436721802,0.4359510838985443,0.4339028000831604,-0.10228823125362396,0.9999946355819702,-6.541609764099121e-05,3.2782554626464844e-06,0.0143871009349823,0.4391022324562073,0.4337640106678009,-0.10233049094676971,0.9999948740005493,-4.5239925384521484e-05,-6.794929504394531e-06,0.014375738799571991,0.44142237305641174,0.43390586972236633,-0.1023612841963768,0.9999948740005493,-2.2590160369873047e-05,-3.159046173095703e-05,0.014368176460266113,0.42625147104263306,0.43524235486984253,-0.10252664238214493,0.9999895691871643,2.047419548034668e-05,7.066130638122559e-05,0.013704679906368256,0.4232688844203949,0.43606626987457275,-0.10254575312137604,0.9999885559082031,5.5730342864990234e-05,0.0001628100872039795,0.013711653649806976,0.4209900498390198,0.43697044253349304,-0.1025538221001625,0.9999869465827942,7.197260856628418e-05,0.00031948089599609375,0.013704665005207062,0.447225421667099,0.44091469049453735,-0.030894115567207336,0.9999917149543762,-0.0002841949462890625,-0.0003323554992675781,0.010215722024440765,0.4184512495994568,0.4451056718826294,-0.03299172222614288,0.9999725222587585,-5.155801773071289e-06,0.0004169642925262451,0.006824038922786713,0.43930110335350037,0.4541154205799103,-0.09154562652111053,0.9999986886978149,0.0001837611198425293,-5.754828453063965e-05,0.01291164755821228,0.4274319112300873,0.455436646938324,-0.09214673936367035,0.9999974966049194,0.0005242824554443359,-5.125999450683594e-06,0.012007549405097961,0.4775539040565491,0.5120258331298828,-0.009343604557216167,0.9999698400497437,-0.00022304058074951172,-4.881620407104492e-05,0.004750140011310577,0.39958086609840393,0.5126176476478577,4.83392141177319e-05,0.9998815655708313,0.0002640187740325928,-5.424022674560547e-05,0.0026216624173684977,0.4953855574131012,0.5780652165412903,-0.07926443219184875,0.9560828804969788,-0.0011464059352874756,-0.0005669593811035156,0.009817592799663544,0.379885733127594,0.5693427324295044,-0.06444992125034332,0.9172162413597107,0.0004158318042755127,-0.0002720952033996582,0.007807426154613495,0.5059541463851929,0.5973145961761475,-0.217678502202034,0.9568809270858765,-0.00015741586685180664,0.0001023411750793457,0.016966864466667175,0.36577296257019043,0.5978940725326538,-0.21060164272785187,0.9146685004234314,6.854534149169922e-06,-0.00020259618759155273,0.017648711800575256,0.5144995450973511,0.6103493571281433,-0.24504724144935608,0.9465122818946838,-0.00011801719665527344,8.106231689453125e-06,0.01955258846282959,0.3570484519004822,0.6088079214096069,-0.23646697402000427,0.9016475677490234,0.00013053417205810547,-1.8715858459472656e-05,0.020683497190475464,0.5102275609970093,0.6042909026145935,-0.25716346502304077,0.9525036215782166,-3.337860107421875e-06,2.8133392333984375e-05,0.01967671513557434,0.3615913987159729,0.6042354106903076,-0.2513297498226166,0.9109212756156921,-8.058547973632812e-05,-5.424022674560547e-06,0.02053922414779663,0.5055643916130066,0.5996725559234619,-0.22527793049812317,0.94061279296875,-8.046627044677734e-06,4.6312808990478516e-05,0.01726667582988739,0.3663021922111511,0.6021414995193481,-0.22023145854473114,0.9059992432594299,-0.00010338425636291504,-9.632110595703125e-05,0.01778481900691986,0.46449771523475647,0.621275782585144,0.00029016309417784214,0.9999253749847412,-0.0003217160701751709,-0.0003288388252258301,0.00043159913911949843,0.4183517098426819,0.6251411437988281,-0.00017252031830139458,0.9998884201049805,-0.0006369054317474365,-0.0006217360496520996,-0.00044771164539270103,0.475318044424057,0.6115959286689758,-0.21496064960956573,0.9941874742507935,-0.0003778040409088135,0.0001316666603088379,0.021556541323661804,0.39820021390914917,0.6132909059524536,-0.22508814930915833,0.9899999499320984,0.00029587745666503906,0.0004973411560058594,0.018450379371643066,0.4688558578491211,0.7523013353347778,-0.1702788770198822,0.9912187457084656,-9.235739707946777e-05,5.7756900787353516e-05,0.013481572270393372,0.41871410608291626,0.758036196231842,-0.1634049266576767,0.9922794699668884,-0.0003002583980560303,-0.0008740425109863281,0.015335127711296082,0.4651665687561035,0.768994927406311,-0.1695358157157898,0.9586309790611267,-0.00048232078552246094,0.0001239180564880371,0.012510806322097778,0.4241293966770172,0.772735595703125,-0.16051524877548218,0.962580144405365,-0.0018816888332366943,-0.0013996362686157227,0.014702379703521729,0.46326106786727905,0.7945932745933533,-0.2640109956264496,0.9902977347373962,6.413459777832031e-05,7.158517837524414e-05,0.0170595645904541,0.410221666097641,0.7973805665969849,-0.2535649240016937,0.98920077085495,-9.971857070922852e-05,0.00011742115020751953,0.018360018730163574
0.4317450523376465,0.4425911009311676,-0.12876096367835999,0.9999960064888,-1.341104507446289e-06,-4.00543212890625e-05,-0.01245240867137909,0.43593892455101013,0.4339030981063843,-0.11449740082025528,0.9999949336051941,-1.2159347534179688e-05,2.980232238769531e-07,-0.012209169566631317,0.43906062841415405,0.4337502121925354,-0.11453177779912949,0.9999951720237732,-4.1604042053222656e-05,-1.379847526550293e-05,-0.012201286852359772,0.4414047300815582,0.43386566638946533,-0.11455780267715454,0.9999951720237732,-1.7642974853515625e-05,-4.0203332901000977e-05,-0.01219651848077774,0.4262092113494873,0.43528932332992554,-0.11401154100894928,0.9999899864196777,-4.225969314575195e-05,4.696846008300781e-05,-0.011484898626804352,0.42325323820114136,0.4361772835254669,-0.11403709650039673,0.9999889731407166,-1.564621925354004e-05,0.00011101365089416504,-0.011491343379020691,0.42097997665405273,0.4371889531612396,-0.11404049396514893,0.9999873638153076,-1.0073184967041016e-05,0.00021851062774658203,-0.01148667186498642,0.44691601395606995,0.44066256284713745,-0.03919657692313194,0.9999921917915344,-0.00030940771102905273,-0.00025212764739990234,-0.008302461355924606,0.4184078574180603,0.4456591010093689,-0.0385618731379509,0.9999730587005615,-4.3392181396484375e-05,0.000553429126739502,-0.005570150911808014,0.4394230246543884,0.453973650932312,-0.10243586450815201,0.9999987483024597,0.00012192130088806152,-0.0001417696475982666,-0.010890237987041473,0.42758291959762573,0.4554361402988434,-0.10214589536190033,0.999997615814209,0.00015100836753845215,-5.066394805908203e-07,-0.00999915599822998,0.4774436354637146,0.512071967124939,-0.013031157664954662,0.9999715089797974,-0.00011026859283447266,4.6133995056152344e-05,-0.003687553107738495,0.39956825971603394,0.5126111507415771,-0.002533376682549715,0.9998788833618164,-1.2606382369995117e-05,-6.496906280517578e-06,-0.002581715896667447,0.4939957559108734,0.5771201252937317,-0.0874149352312088,0.9559025168418884,-0.0013898015022277832,-0.0009450912475585938,-0.008150503039360046,0.38060498237609863,0.5691801309585571,-0.06843174248933792,0.9174087047576904,0.0007192492485046387,-0.00016260147094726562,-0.003981821238994598,0.5055574178695679,0.5972863435745239,-0.23873627185821533,0.9585134387016296,-0.000396728515625,-2.8252601623535156e-05,-0.021057769656181335,0.36622992157936096,0.597568929195404,-0.2372150719165802,0.9151812195777893,0.0004569590091705322,-0.00032514333724975586,-0.026613429188728333,0.5141867399215698,0.6103480458259583,-0.2715502977371216,0.9489510655403137,-0.00031280517578125,-1.3113021850585938e-06,-0.026503056287765503,0.35743963718414307,0.6085817813873291,-0.26852595806121826,0.9028019309043884,0.00039118528366088867,-0.00022614002227783203,-0.03205898404121399,0.5101100206375122,0.6042730212211609,-0.2846650779247284,0.9547023773193359,-0.00011754035949707031,-1.7881393432617188e-05,-0.027501612901687622,0.36166319251060486,0.6042843461036682,-0.28348273038864136,0.9119757413864136,7.179379463195801e-05,4.89354133605957e-05,-0.03215298056602478,0.5054606199264526,0.5996364951133728,-0.24748139083385468,0.9432356357574463,-0.00010377168655395508,-3.606081008911133e-05,-0.022203460335731506,0.3663522005081177,0.6018713712692261,-0.24758613109588623,0.9070901274681091,5.0008296966552734e-05,-0.0002701282501220703,-0.02735467255115509,0.46389666199684143,0.6211921572685242,0.0005034285713918507,0.9999265670776367,-0.0006010532379150391,-8.362531661987305e-05,0.00021326547721400857,0.4181777536869049,0.6251116991043091,-0.00037572733708657324,0.9998874068260193,-0.00017395615577697754,-2.944469451904297e-05,-0.00020320701878517866,0.47493618726730347,0.6133356094360352,-0.2281375676393509,0.9942072033882141,-0.00038185715675354004,0.0017396807670593262,-0.013176918029785156,0.39881303906440735,0.6134382486343384,-0.24098901450634003,0.9901529550552368,0.0006128251552581787,0.00014734268188476562,-0.0159008651971817,0.4688679575920105,0.7524121999740601,-0.18408454954624176,0.9912999272346497,1.2099742889404297e-05,0.00011086463928222656,-0.013805672526359558,0.41889357566833496,0.7582052946090698,-0.1683088093996048,0.9923273921012878,0.00017946958541870117,0.0001690983772277832,-0.004903882741928101,0.4652329981327057,0.7692607641220093,-0.18364427983760834,0.9576720595359802,6.642937660217285e-05,0.0002658367156982422,-0.014108464121818542,0.42460203170776367,0.7729852795600891,-0.16845808923244476,0.962546706199646,0.00047263503074645996,0.00024968385696411133,-0.007942840456962585,0.46441659331321716,0.7948665618896484,-0.28138452768325806,0.9903599619865417,0.0011555254459381104,0.000273287296295166,-0.01737353205680847,0.41016316413879395,0.7973924875259399,-0.26747021079063416,0.9893274307250977,-5.85019588470459e-05,1.1920928955078125e-05,-0.01390528678894043
0.43125686049461365,0.44232213497161865,-0.1096937283873558,0.999995768070221,-0.0004881918430328369,-0.0002689659595489502,0.01906723529100418,0.43530553579330444,0.43380627036094666,-0.0964103564620018,0.9999948143959045,-0.0006333887577056885,-9.682774543762207e-05,0.01808704435825348,0.4384516775608063,0.43361517786979675,-0.0964444950222969,0.9999950528144836,-0.0006089508533477783,-0.00013503432273864746,0.01808728277683258,0.4410322606563568,0.4337003529071808,-0.09646840393543243,0.9999951124191284,-0.000372469425201416,-0.0001653134822845459,0.018089398741722107,0.42578157782554626,0.4352875053882599,-0.09612881392240524,0.9999895691871643,-0.00042763352394104004,-1.817941665649414e-06,0.017882727086544037,0.42296093702316284,0.43617597222328186,-0.09614172577857971,0.9999883770942688,-0.0002923011779785156,-1.3113021850585938e-06,0.017895370721817017,0.4205254912376404,0.4372085630893707,-0.09614649415016174,0.9999865293502808,-0.0004544854164123535,1.9609928131103516e-05,0.017893999814987183,0.4464077353477478,0.44037336111068726,-0.029524406418204308,0.9999921321868896,-0.0005082786083221436,-0.0002892017364501953,0.009672170504927635,0.41799864172935486,0.44584381580352783,-0.029376855120062828,0.9999712109565735,-0.00040921568870544434,0.00018471479415893555,0.00918501801788807,0.4392828047275543,0.45361801981925964,-0.08679071068763733,0.9999987483024597,-0.00014021992683410645,-0.00035563111305236816,0.01564515382051468,0.4273882806301117,0.455178827047348,-0.08666888624429703,0.999997615814209,-0.00019463896751403809,-0.00025731325149536133,0.015477009117603302,0.4774387776851654,0.5120401382446289,-0.01185296569019556,0.9999724626541138,-4.857778549194336e-06,-3.1828880310058594e-05,0.0011781919747591019,0.39969319105148315,0.512665867805481,-0.0012712436728179455,0.9998745322227478,0.00012493133544921875,5.4717063903808594e-05,0.0012621330097317696,0.4938599169254303,0.577029287815094,-0.0851132720708847,0.9562773108482361,-0.00013583898544311523,-9.083747863769531e-05,0.0023016631603240967,0.3808353841304779,0.5684312582015991,-0.06918023526668549,0.9177701473236084,0.00023040175437927246,-0.0007488727569580078,-0.0007484927773475647,0.5048761963844299,0.5970579385757446,-0.22099587321281433,0.959900438785553,-0.0006812214851379395,-0.00022840499877929688,0.017740398645401,0.3668231666088104,0.5944393277168274,-0.22071099281311035,0.916420578956604,0.0005932450294494629,-0.00312960147857666,0.01650407910346985,0.5138487815856934,0.61031174659729,-0.2491980493068695,0.9509639143943787,-0.00033795833587646484,-3.629922866821289e-05,0.022352248430252075,0.35775160789489746,0.6059054732322693,-0.2489302158355713,0.9046486020088196,0.00031197071075439453,-0.0026763081550598145,0.019595742225646973,0.5096551179885864,0.6042930483818054,-0.2610622048377991,0.9564089775085449,-0.00045490264892578125,2.002716064453125e-05,0.02360287308692932,0.3628997504711151,0.602882981300354,-0.26188117265701294,0.9134944081306458,0.001236557960510254,-0.001401364803314209,0.021601557731628418,0.5048694610595703,0.5996639132499695,-0.22855600714683533,0.945425808429718,-0.0005911588668823242,2.7418136596679688e-05,0.018925383687019348,0.3679499924182892,0.6002998948097229,-0.22979748249053955,0.9086064696311951,0.0015977919101715088,-0.0015714764595031738,0.01778864860534668,0.4637843668460846,0.6195738315582275,0.0004534299368970096,0.9999282956123352,-0.00011229515075683594,-0.0016183257102966309,-4.99986344948411e-05,0.4172609746456146,0.6225577592849731,-0.00032124080462381244,0.999887228012085,-0.0009167790412902832,-0.0025539398193359375,5.4486532462760806e-05,0.47458282113075256,0.6132618188858032,-0.21300658583641052,0.9939539432525635,-0.0003533661365509033,-7.37905502319336e-05,0.015130981802940369,0.3983805477619171,0.6136803030967712,-0.21589264273643494,0.9898759722709656,-0.0004324913024902344,0.00024205446243286133,0.02509637176990509,0.4684179723262787,0.7526008486747742,-0.18168483674526215,0.9912428259849548,-0.0004499852657318115,0.00018864870071411133,0.0023997128009796143,0.4175596833229065,0.759300172328949,-0.16749528050422668,0.9921596050262451,-0.0013338923454284668,0.0010948777198791504,0.0008135288953781128,0.46494191884994507,0.7693203091621399,-0.1817457526922226,0.9557307958602905,-0.0002910792827606201,5.9545040130615234e-05,0.0018985271453857422,0.42372971773147583,0.7734184265136719,-0.1658947765827179,0.9611131548881531,-0.0008723139762878418,0.00043314695358276367,0.0025633126497268677,0.46288275718688965,0.7948876023292542,-0.2736700475215912,0.9901508092880249,-0.0015338361263275146,2.104043960571289e-05,0.00771448016166687,0.4077286720275879,0.797490656375885,-0.2531743347644806,0.9891150593757629,-0.0024344921112060547,9.816884994506836e-05,0.014295876026153564
0.4303804337978363,0.4421778917312622,-0.11547485738992691,0.999995768070221,-0.0008764266967773438,-0.0001442432403564453,-0.005781129002571106,0.43448662757873535,0.4338081479072571,-0.09869156777858734,0.9999949336051941,-0.0008189082145690918,1.8775463104248047e-06,-0.0022812113165855408,0.4377311170101166,0.4336170554161072,-0.09874320775270462,0.9999951720237732,-0.0007205605506896973,1.8775463104248047e-06,-0.002298712730407715,0.4405891001224518,0.43369942903518677,-0.09878014028072357,0.9999952912330627,-0.0004431605339050293,-9.238719940185547e-07,-0.0023117363452911377,0.4251924455165863,0.4353051483631134,-0.10046422481536865,0.9999896287918091,-0.0005891323089599609,1.7642974853515625e-05,-0.004335410892963409,0.4224948287010193,0.436200886964798,-0.10049901157617569,0.9999883770942688,-0.0004661083221435547,2.491474151611328e-05,-0.004357285797595978,0.4199488162994385,0.4372788965702057,-0.10051602125167847,0.999986469745636,-0.0005766749382019043,7.033348083496094e-05,-0.004369527101516724,0.44599905610084534,0.4403480589389801,-0.03850284218788147,0.9999923706054688,-0.0004086792469024658,-2.530217170715332e-05,-0.008978435769677162,0.41749128699302673,0.4460776150226593,-0.032220952212810516,0.9999704360961914,-0.000507354736328125,0.00023379921913146973,-0.0028440970927476883,0.43883195519447327,0.4533940255641937,-0.08724892139434814,0.9999988079071045,-0.0004508495330810547,-0.00022399425506591797,-0.00045821070671081543,0.4266792833805084,0.4549899399280548,-0.0902145504951477,0.999997615814209,-0.0007089972496032715,-0.0001888871192932129,-0.0035456642508506775,0.4773380756378174,0.5117103457450867,-0.02001408487558365,0.9999738931655884,-0.00010070204734802246,-0.00032979249954223633,-0.008161119185388088,0.3996828496456146,0.512636661529541,-0.0045339809730648994,0.9998692870140076,-1.0341405868530273e-05,-2.9206275939941406e-05,-0.003262737300246954,0.49285563826560974,0.5738385915756226,-0.09739132225513458,0.9567541480064392,-0.0010042786598205566,-0.0031906962394714355,-0.012278050184249878,0.38080233335494995,0.5683374404907227,-0.07538405805826187,0.9166897535324097,-3.30507755279541e-05,-9.381771087646484e-05,-0.0062038227915763855,0.5047855973243713,0.5962350964546204,-0.2391212433576584,0.9616074562072754,-9.059906005859375e-05,-0.0008228421211242676,-0.018125370144844055,0.36630016565322876,0.5956554412841797,-0.22294776141643524,0.9144816398620605,-0.000523000955581665,0.001216113567352295,-0.00223676860332489,0.5138480067253113,0.610306441783905,-0.2688196301460266,0.9530930519104004,-7.748603820800781e-07,-5.304813385009766e-06,-0.019621580839157104,0.35725218057632446,0.6078346967697144,-0.2532714605331421,0.9023342132568359,-0.000499427318572998,0.0019292235374450684,-0.004341244697570801,0.5095781087875366,0.6045905351638794,-0.2806820273399353,0.9583531022071838,-7.700920104980469e-05,0.0002974867820739746,-0.01961982250213623,0.3620847761631012,0.6041828393936157,-0.2664313316345215,0.9114292860031128,-0.000814974308013916,0.0012998580932617188,-0.004550158977508545,0.5047723054885864,0.5996953248977661,-0.24650010466575623,0.9477591514587402,-9.715557098388672e-05,3.141164779663086e-05,-0.0179440975189209,0.36692556738853455,0.6015099883079529,-0.23139998316764832,0.9068416953086853,-0.0010244250297546387,0.0012100934982299805,-0.0016025006771087646,0.4638851583003998,0.6194996237754822,0.00043149717384949327,0.9999262690544128,0.00010079145431518555,-7.420778274536133e-05,-2.1932763047516346e-05,0.4172053337097168,0.6225181221961975,-0.0003041752497665584,0.9998800158500671,-5.564093589782715e-05,-3.9637088775634766e-05,1.706555485725403e-05,0.47357457876205444,0.6146367788314819,-0.22199995815753937,0.9938597083091736,-0.0010082423686981201,0.001374959945678711,-0.008993372321128845,0.3989247679710388,0.6179679036140442,-0.23084323108196259,0.9896508455276489,0.0005442202091217041,0.004287600517272949,-0.014950588345527649,0.46840229630470276,0.7527329921722412,-0.18345972895622253,0.9911154508590698,-1.5676021575927734e-05,0.00013214349746704102,-0.0017748922109603882,0.4176790118217468,0.7617302536964417,-0.17139020562171936,0.9919861555099487,0.00011932849884033203,0.0024300813674926758,-0.0038949251174926758,0.46495309472084045,0.7693995833396912,-0.1814078986644745,0.9540765285491943,1.1175870895385742e-05,7.927417755126953e-05,0.0003378540277481079,0.4238535463809967,0.775847852230072,-0.16826651990413666,0.9595157504081726,0.00012382864952087402,0.0024294257164001465,-0.002371743321418762,0.46292948722839355,0.7949135899543762,-0.2793594300746918,0.9899172782897949,4.673004150390625e-05,2.5987625122070312e-05,-0.005689382553100586,0.4072597026824951,0.7986901998519897,-0.2640681266784668,0.9888147711753845,-0.00046896934509277344,0.0011995434761047363,-0.010893791913986206
0.4303399622440338,0.44139090180397034,-0.12403247505426407,0.9999956488609314,-4.0471553802490234e-05,-0.0007869899272918701,-0.008557617664337158,0.4343673288822174,0.43339091539382935,-0.10899382829666138,0.9999948740005493,-0.00011929869651794434,-0.0004172325134277344,-0.010302260518074036,0.43763917684555054,0.43314218521118164,-0.10903196036815643,0.9999951124191284,-9.194016456604004e-05,-0.0004748702049255371,-0.010288752615451813,0.440523624420166,0.4331985116004944,-0.10906048864126205,0.999995231628418,-6.54757022857666e-05,-0.0005009174346923828,-0.010280348360538483,0.42508071660995483,0.43508419394493103,-0.10910046100616455,0.99998939037323,-0.00011172890663146973,-0.00022095441818237305,-0.008636236190795898,0.4224095940589905,0.43599605560302734,-0.10912901163101196,0.9999880790710449,-8.52346420288086e-05,-0.00020483136177062988,-0.008630000054836273,0.41983088850975037,0.4371047019958496,-0.1091369017958641,0.9999859929084778,-0.00011792778968811035,-0.0001741945743560791,-0.008620880544185638,0.4457632005214691,0.4396602213382721,-0.04069659858942032,0.999992311000824,-0.0002358555793762207,-0.0006878376007080078,-0.002193756401538849,0.4172365069389343,0.44606679677963257,-0.036144524812698364,0.9999695420265198,-0.0002547800540924072,-1.0818243026733398e-05,-0.003923572599887848,0.43882283568382263,0.45254385471343994,-0.09705601632595062,0.9999988675117493,-9.119510650634766e-06,-0.0008501708507537842,-0.009807094931602478,0.4265809655189514,0.45433762669563293,-0.09776128828525543,0.9999976754188538,-9.831786155700684e-05,-0.000652313232421875,-0.007546737790107727,0.477245956659317,0.511616587638855,-0.019610729068517685,0.999974250793457,-9.211897850036621e-05,-9.375810623168945e-05,0.00040335580706596375,0.3996768593788147,0.5125867128372192,-0.006540448404848576,0.9998670816421509,-5.990266799926758e-06,-4.9948692321777344e-05,-0.002006467431783676,0.49290189146995544,0.5737687945365906,-0.09759917855262756,0.9566251635551453,4.6253204345703125e-05,-6.979703903198242e-05,-0.00020785629749298096,0.3807735741138458,0.5683411955833435,-0.08297008275985718,0.9179998636245728,-2.8759241104125977e-05,3.7550926208496094e-06,-0.007586024701595306,0.5048734545707703,0.5962654948234558,-0.2426924705505371,0.962604284286499,8.785724639892578e-05,3.039836883544922e-05,-0.003571227192878723,0.36660289764404297,0.5954312682151794,-0.24182264506816864,0.9164705276489258,0.000302731990814209,-0.00022417306900024414,-0.0188748836517334,0.5138452649116516,0.6102744340896606,-0.27314460277557373,0.954653799533844,-2.7418136596679688e-06,-3.2007694244384766e-05,-0.004324972629547119,0.3572719097137451,0.607511579990387,-0.27262240648269653,0.9047043323516846,1.9729137420654297e-05,-0.0003231167793273926,-0.019350945949554443,0.5095944404602051,0.6045799851417542,-0.28494229912757874,0.9597347974777222,1.633167266845703e-05,-1.055002212524414e-05,-0.004260271787643433,0.3626200258731842,0.6035390496253967,-0.28545206785202026,0.913576066493988,0.0005352497100830078,-0.0006437897682189941,-0.01902073621749878,0.5048171877861023,0.5996860265731812,-0.2502523958683014,0.9494491815567017,4.488229751586914e-05,-9.298324584960938e-06,-0.003752291202545166,0.3677418529987335,0.6008425951004028,-0.2507224977016449,0.9089553952217102,0.0008162856101989746,-0.0006673932075500488,-0.019322514533996582,0.46337732672691345,0.6194860339164734,0.0008658886072225869,0.9999245405197144,-0.0005078315734863281,-1.3589859008789062e-05,0.0004343914333730936,0.4167391359806061,0.6223310828208923,-0.0007332221139222383,0.9998748898506165,-0.0004661977291107178,-0.00018703937530517578,-0.00042904686415567994,0.4734078049659729,0.6156929135322571,-0.23126904666423798,0.9937837719917297,-0.00016677379608154297,0.0010561347007751465,-0.009269088506698608,0.3992490768432617,0.6187026500701904,-0.23419222235679626,0.9896601438522339,0.0003243088722229004,0.0007347464561462402,-0.003348991274833679,0.4679458737373352,0.754359781742096,-0.18491366505622864,0.9910371899604797,-0.0004564225673675537,0.0016267895698547363,-0.0014539361000061035,0.4177241325378418,0.7628545761108398,-0.17514079809188843,0.9920074939727783,4.51207160949707e-05,0.0011243224143981934,-0.0037505924701690674,0.46321240067481995,0.7711285352706909,-0.18342839181423187,0.953142523765564,-0.0017406940460205078,0.0017289519309997559,-0.0020204931497573853,0.4239162802696228,0.7774399518966675,-0.17237740755081177,0.9595878720283508,6.273388862609863e-05,0.001592099666595459,-0.00411088764667511,0.46293607354164124,0.794914960861206,-0.28166186809539795,0.989738941192627,6.586313247680664e-06,1.3709068298339844e-06,-0.0023024380207061768,0.40702852606773376,0.7988999485969543,-0.2689972519874573,0.9888405203819275,-0.00023117661476135254,0.0002097487449645996,-0.0049291253089904785
0.42922481894493103,0.44139066338539124,-0.1097949966788292,0.9999959468841553,-0.0011151432991027832,-2.384185791015625e-07,0.014237478375434875,0.4335166811943054,0.43335476517677307,-0.09639482200145721,0.9999951720237732,-0.0008506476879119873,-3.6150217056274414e-05,0.012599006295204163,0.43686485290527344,0.4331124722957611,-0.0964270755648613,0.9999954104423523,-0.0007743239402770996,-2.9712915420532227e-05,0.012604884803295135,0.4399610161781311,0.4331599175930023,-0.09643607586622238,0.9999955296516418,-0.0005626082420349121,-3.859400749206543e-05,0.012624412775039673,0.424160897731781,0.43501412868499756,-0.09582307189702988,0.9999900460243225,-0.0009198188781738281,-7.006525993347168e-05,0.013277389109134674,0.42151013016700745,0.4358794391155243,-0.09584604948759079,0.9999887943267822,-0.0008994638919830322,-0.00011661648750305176,0.013282962143421173,0.4189204275608063,0.43696650862693787,-0.09585229307413101,0.9999867677688599,-0.0009104609489440918,-0.00013819336891174316,0.013284608721733093,0.4451891779899597,0.43949809670448303,-0.030354510992765427,0.9999927878379822,-0.0005740225315093994,-0.0001621246337890625,0.010342087596654892,0.41615667939186096,0.44591209292411804,-0.027917003259062767,0.9999713897705078,-0.0010798275470733643,-0.00015470385551452637,0.008227521553635597,0.4376911222934723,0.45256030559539795,-0.08672583848237991,0.999998927116394,-0.0011317133903503418,1.6450881958007812e-05,0.01033017784357071,0.4254559874534607,0.45432180166244507,-0.08626826852560043,0.9999978542327881,-0.0011249780654907227,-1.582503318786621e-05,0.011493019759654999,0.47676724195480347,0.5116013288497925,-0.013677647337317467,0.9999759793281555,-0.0004787147045135498,-1.52587890625e-05,0.005933081731200218,0.39931878447532654,0.5126184821128845,0.0007074944442138076,0.9998728036880493,-0.0003580749034881592,3.17692756652832e-05,0.007247942849062383,0.4928242266178131,0.5733326077461243,-0.08628399670124054,0.9586060643196106,-7.766485214233398e-05,-0.0004361867904663086,0.011315181851387024,0.3806692361831665,0.5685756206512451,-0.06756816804409027,0.9202437996864319,-0.00010433793067932129,0.00023442506790161133,0.015401914715766907,0.5049349069595337,0.5963073968887329,-0.22109799087047577,0.964714527130127,6.145238876342773e-05,4.190206527709961e-05,0.02159447968006134,0.36637118458747864,0.5954016447067261,-0.21364733576774597,0.9196796417236328,-0.00023171305656433105,-2.962350845336914e-05,0.02817530930042267,0.5138798356056213,0.6102773547172546,-0.24840053915977478,0.957268476486206,3.457069396972656e-05,2.9206275939941406e-06,0.02474406361579895,0.3570694625377655,0.6075404286384583,-0.24038171768188477,0.9080684185028076,-0.00020244717597961426,2.8848648071289062e-05,0.03224068880081177,0.5096129775047302,0.6046475172042847,-0.26119324564933777,0.9620419144630432,1.8537044525146484e-05,6.753206253051758e-05,0.023749053478240967,0.3623884618282318,0.6035446524620056,-0.25371256470680237,0.916613757610321,-0.00023156404495239258,5.602836608886719e-06,0.031739503145217896,0.5048418641090393,0.5997196435928345,-0.22870853543281555,0.9523510336875916,2.467632293701172e-05,3.361701965332031e-05,0.02154386043548584,0.3674747049808502,0.6008321046829224,-0.22243455052375793,0.912409782409668,-0.0002671480178833008,-1.049041748046875e-05,0.028287947177886963,0.4635434150695801,0.6194831728935242,-0.0010028773685917258,0.9999269843101501,0.00016608834266662598,-2.86102294921875e-06,-0.0018687659758143127,0.4168965220451355,0.6225775480270386,0.0011144450400024652,0.9998784065246582,0.00015738606452941895,0.00024646520614624023,0.0018476671539247036,0.47270554304122925,0.6156467199325562,-0.20841264724731445,0.9938312768936157,-0.0007022619247436523,-4.6193599700927734e-05,0.022856399416923523,0.4001550078392029,0.6190778613090515,-0.20934820175170898,0.98964524269104,0.0009059309959411621,0.000375211238861084,0.02484402060508728,0.4679339528083801,0.7543461918830872,-0.1828540861606598,0.9912590384483337,-1.1920928955078125e-05,-1.3589859008789062e-05,0.0020595788955688477,0.4177524149417877,0.7631105780601501,-0.17138776183128357,0.9921721816062927,2.828240394592285e-05,0.00025600194931030273,0.0037530362606048584,0.46327051520347595,0.7713623642921448,-0.1833321750164032,0.9533499479293823,5.811452865600586e-05,0.00023382902145385742,9.621679782867432e-05,0.42403560876846313,0.7780455946922302,-0.17041419446468353,0.9606327414512634,0.00011932849884033203,0.0006056427955627441,0.001963213086128235,0.46163052320480347,0.794361412525177,-0.27445027232170105,0.9899442195892334,-0.0013055503368377686,-0.0005535483360290527,0.007211595773696899,0.4063304364681244,0.7990341186523438,-0.25779473781585693,0.9891414046287537,-0.000698089599609375,0.0001341700553894043,0.011202514171600342
0.4287095069885254,0.44125401973724365,-0.13550423085689545,0.9999958276748657,-0.0005153119564056396,-0.000136643648147583,-0.025709234178066254,0.4331631064414978,0.4333054721355438,-0.12185941636562347,0.9999950528144836,-0.0003535747528076172,-4.929304122924805e-05,-0.02546459436416626,0.4364677965641022,0.4330906867980957,-0.12188982963562012,0.9999953508377075,-0.00039705634117126465,-2.1785497665405273e-05,-0.02546275407075882,0.4395901560783386,0.4331532418727875,-0.12190695852041245,0.9999954700469971,-0.00037086009979248047,-6.67572021484375e-06,-0.025470882654190063,0.42376843094825745,0.4349396526813507,-0.12052043527364731,0.9999896287918091,-0.00039246678352355957,-7.447600364685059e-05,-0.02469736337661743,0.4211496412754059,0.4357775151729584,-0.12054536491632462,0.9999884366989136,-0.0003604888916015625,-0.00010192394256591797,-0.024699315428733826,0.4185357689857483,0.4368620216846466,-0.12054644525051117,0.9999861121177673,-0.0003846585750579834,-0.00010448694229125977,-0.024694152176380157,0.4448227286338806,0.43949782848358154,-0.04829954728484154,0.9999927282333374,-0.00036644935607910156,-2.682209014892578e-07,-0.01794503629207611,0.4158279001712799,0.4458761513233185,-0.04310348257422447,0.9999700784683228,-0.0003287792205810547,-3.594160079956055e-05,-0.015186479315161705,0.43710336089134216,0.45255839824676514,-0.10951922088861465,0.999998927116394,-0.000587761402130127,-1.9073486328125e-06,-0.02279338240623474,0.4248697757720947,0.4541526734828949,-0.10808217525482178,0.9999978542327881,-0.0005862116813659668,-0.0001691281795501709,-0.021813906729221344,0.47626298666000366,0.5113637447357178,-0.022152375429868698,0.9999766945838928,-0.0005042552947998047,-0.00023758411407470703,-0.008474728092551231,0.39931991696357727,0.512630820274353,-0.004781680181622505,0.9998700618743896,1.1324882507324219e-06,1.233816146850586e-05,-0.005489174625836313,0.4926367700099945,0.5734015703201294,-0.10371637344360352,0.9588189125061035,-0.00018745660781860352,6.896257400512695e-05,-0.017432376742362976,0.38080620765686035,0.5684196949005127,-0.07920809090137482,0.9185436367988586,0.00013697147369384766,-0.00015592575073242188,-0.011639922857284546,0.5045152902603149,0.596725583076477,-0.25529512763023376,0.9654892683029175,-0.00041961669921875,0.0004181861877441406,-0.034197136759757996,0.366295725107193,0.596407949924469,-0.24684873223304749,0.919636070728302,-7.545948028564453e-05,0.00100630521774292,-0.033201396465301514,0.5134909152984619,0.610319197177887,-0.2872708737850189,0.9584367275238037,-0.00038892030715942383,4.184246063232422e-05,-0.03887033462524414,0.3567269444465637,0.6090492606163025,-0.2787254750728607,0.908566951751709,-0.0003425180912017822,0.0015088319778442383,-0.03834375739097595,0.5093111395835876,0.6046631932258606,-0.30000102519989014,0.9631040096282959,-0.0003018379211425781,1.5676021575927734e-05,-0.03880777955055237,0.36147069931030273,0.6050795316696167,-0.29365307092666626,0.9171743988990784,-0.0009177625179290771,0.001534879207611084,-0.03994050621986389,0.5045850276947021,0.5997689366340637,-0.2633739113807678,0.9535773396492004,-0.0002568364143371582,4.929304122924805e-05,-0.03466537594795227,0.36655041575431824,0.6020947694778442,-0.25709354877471924,0.9130648374557495,-0.0009242892265319824,0.001262664794921875,-0.034658998250961304,0.4632294178009033,0.6191245317459106,-0.0013460272457450628,0.9999279975891113,-0.0003139972686767578,-0.0003586411476135254,-0.000343149877153337,0.4168948531150818,0.6222591400146484,0.0014797813491895795,0.9998787045478821,-1.6689300537109375e-06,-0.0003184080123901367,0.00036533630918711424,0.4716742932796478,0.6156110763549805,-0.2300652265548706,0.9939061403274536,-0.001031249761581421,-3.5643577575683594e-05,-0.021652579307556152,0.40040507912635803,0.6190530061721802,-0.22979509830474854,0.9897439479827881,0.00025007128715515137,-2.485513687133789e-05,-0.02044689655303955,0.4671768546104431,0.7562642693519592,-0.1843494176864624,0.9914212822914124,-0.0007570981979370117,0.0019180774688720703,-0.0014953315258026123,0.4177832007408142,0.7630453705787659,-0.1727195531129837,0.9923282265663147,3.078579902648926e-05,-6.520748138427734e-05,-0.0013317912817001343,0.4626595079898834,0.7725308537483215,-0.18404453992843628,0.9534827470779419,-0.0006110072135925293,0.0011684894561767578,-0.0007123649120330811,0.42413121461868286,0.7779988050460815,-0.17205002903938293,0.9613794684410095,9.560585021972656e-05,-4.678964614868164e-05,-0.0016358345746994019,0.4604398310184479,0.7950584292411804,-0.2843262553215027,0.9900853037834167,-0.0011906921863555908,0.000697016716003418,-0.009875982999801636,0.40639281272888184,0.7990131378173828,-0.26300063729286194,0.9893589019775391,6.237626075744629e-05,-2.09808349609375e-05,-0.005205899477005005
0.42859023809432983,0.44113197922706604,-0.15380121767520905,0.9999954700469971,-0.00011926889419555664,-0.0001220405101776123,-0.0182969868183136,0.43304386734962463,0.4332565665245056,-0.139585942029953,0.9999947547912598,-0.00011923909187316895,-4.890561103820801e-05,-0.01772652566432953,0.43628573417663574,0.43306830525398254,-0.13961274921894073,0.9999951720237732,-0.00018206238746643066,-2.238154411315918e-05,-0.017722919583320618,0.439380019903183,0.4331442713737488,-0.13964006304740906,0.9999952912330627,-0.00021013617515563965,-8.970499038696289e-06,-0.017733104526996613,0.42365750670433044,0.43484926223754883,-0.1387387216091156,0.9999887943267822,-0.00011092424392700195,-9.039044380187988e-05,-0.018218286335468292,0.4210711121559143,0.4356604218482971,-0.13876816630363464,0.9999876022338867,-7.852911949157715e-05,-0.00011709332466125488,-0.018222801387310028,0.41845378279685974,0.4367305040359497,-0.13876840472221375,0.9999849200248718,-8.19861888885498e-05,-0.00013151764869689941,-0.018221959471702576,0.4444577097892761,0.4395104944705963,-0.06322164833545685,0.9999924302101135,-0.0003650188446044922,1.2665987014770508e-05,-0.01492210105061531,0.4156729280948639,0.44580382108688354,-0.060316115617752075,0.9999666213989258,-0.00015497207641601562,-7.233023643493652e-05,-0.017212633043527603,0.43692460656166077,0.4525638520717621,-0.12682025134563446,0.999998927116394,-0.00017875432968139648,5.453824996948242e-06,-0.017301030457019806,0.42462587356567383,0.4539707899093628,-0.12602856755256653,0.9999977946281433,-0.00024390220642089844,-0.0001818835735321045,-0.01794639229774475,0.47599029541015625,0.5112892985343933,-0.03470215946435928,0.9999771118164062,-0.0002726912498474121,-7.444620132446289e-05,-0.012549784034490585,0.39900654554367065,0.5126658082008362,-0.018888266757130623,0.9998632669448853,-0.0003133714199066162,3.49879264831543e-05,-0.014106586575508118,0.4926534593105316,0.5732165575027466,-0.12126211076974869,0.9597328901290894,1.6689300537109375e-05,-0.0001850128173828125,-0.017545737326145172,0.3805444538593292,0.56842041015625,-0.09694080054759979,0.9180943965911865,-0.00026175379753112793,7.152557373046875e-07,-0.017732709646224976,0.5044735670089722,0.5966824293136597,-0.2752678096294403,0.9664544463157654,-4.172325134277344e-05,-4.315376281738281e-05,-0.019972681999206543,0.36609193682670593,0.5981503129005432,-0.2650100290775299,0.9186587929725647,-0.00020378828048706055,0.0017423629760742188,-0.018161296844482422,0.5134745836257935,0.6102600693702698,-0.30822575092315674,0.9595626592636108,-1.633167266845703e-05,-5.91278076171875e-05,-0.020954877138137817,0.3565850853919983,0.61017245054245,-0.297497421503067,0.9076598286628723,-0.0001418590545654297,0.001123189926147461,-0.0187719464302063,0.5088201761245728,0.604235827922821,-0.32030153274536133,0.9641732573509216,-0.0004909634590148926,-0.0004273653030395508,-0.02030050754547119,0.36121290922164917,0.6059480905532837,-0.3122138977050781,0.916535496711731,-0.00025779008865356445,0.0008685588836669922,-0.018560826778411865,0.5039345026016235,0.5993942618370056,-0.28315678238868713,0.9548171758651733,-0.0006505250930786133,-0.00037467479705810547,-0.01978287100791931,0.36629578471183777,0.6030643582344055,-0.275188684463501,0.9124065637588501,-0.00025463104248046875,0.0009695887565612793,-0.01809513568878174,0.4632391035556793,0.6184501051902771,-0.0013267757603898644,0.999927282333374,9.685754776000977e-06,-0.0006744265556335449,1.9251485355198383e-05,0.41688090562820435,0.6212862133979797,0.0014612253289669752,0.9998763203620911,-1.3947486877441406e-05,-0.0009729266166687012,-1.8556020222604275e-05,0.4708074927330017,0.6147168278694153,-0.2523190677165985,0.994124174118042,-0.0008668005466461182,-0.0008942484855651855,-0.022253841161727905,0.40153130888938904,0.61903977394104,-0.24946479499340057,0.9899889230728149,0.0011262297630310059,-1.3232231140136719e-05,-0.01966969668865204,0.46726304292678833,0.7562223672866821,-0.19149519503116608,0.9916791319847107,8.618831634521484e-05,-4.190206527709961e-05,-0.007145777344703674,0.4178493916988373,0.7630181908607483,-0.1810579001903534,0.9925513863563538,6.619095802307129e-05,-2.7179718017578125e-05,-0.00833834707736969,0.4637366235256195,0.7723029851913452,-0.1890416294336319,0.9542264938354492,0.001077115535736084,-0.00022786855697631836,-0.004997089505195618,0.42431211471557617,0.7779654264450073,-0.17808978259563446,0.9619340896606445,0.00018090009689331055,-3.337860107421875e-05,-0.006039753556251526,0.4606051445007324,0.7950963973999023,-0.2953602373600006,0.9903079271316528,0.0001653134822845459,3.796815872192383e-05,-0.011033982038497925,0.40655750036239624,0.798997163772583,-0.28076595067977905,0.9895772933959961,0.0001646876335144043,-1.5974044799804688e-05,-0.017765313386917114
0.428427517414093,0.4412098526954651,-0.18590465188026428,0.9999950528144836,-0.0001627206802368164,7.787346839904785e-05,-0.03210343420505524,0.4327762722969055,0.4334741532802582,-0.17179927229881287,0.9999942779541016,-0.0002675950527191162,0.00021758675575256348,-0.03221333026885986,0.4360162317752838,0.4333592653274536,-0.17182084918022156,0.9999948143959045,-0.0002695024013519287,0.00029096007347106934,-0.03220809996128082,0.4391089975833893,0.4334905445575714,-0.17185255885124207,0.9999948740005493,-0.00027102231979370117,0.00034627318382263184,-0.03221249580383301,0.4235166013240814,0.4349035322666168,-0.17014473676681519,0.9999873042106628,-0.00014090538024902344,5.4270029067993164e-05,-0.031406015157699585,0.4209592938423157,0.435689777135849,-0.1701812893152237,0.9999862313270569,-0.00011181831359863281,2.9355287551879883e-05,-0.03141312301158905,0.41831961274147034,0.436757892370224,-0.17018122971057892,0.9999828934669495,-0.0001341700553894043,2.7388334274291992e-05,-0.03141282498836517,0.4441932737827301,0.4399174153804779,-0.0899905413389206,0.9999919533729553,-0.0002644360065460205,0.0004069209098815918,-0.026768893003463745,0.41543301939964294,0.4458119571208954,-0.08319564163684845,0.9999629855155945,-0.00023990869522094727,8.13603401184082e-06,-0.022879526019096375,0.4367515444755554,0.4527936577796936,-0.1565288007259369,0.999998927116394,-0.00017306208610534668,0.00022980570793151855,-0.02970854938030243,0.42441481351852417,0.4539874494075775,-0.154669851064682,0.9999977350234985,-0.0002110600471496582,1.665949821472168e-05,-0.02864128351211548,0.47562670707702637,0.5112239718437195,-0.05191469192504883,0.9999770522117615,-0.0003635883331298828,-6.532669067382812e-05,-0.017212532460689545,0.3986733555793762,0.5124619007110596,-0.03392786160111427,0.9998630881309509,-0.0003331899642944336,-0.00020390748977661133,-0.01503959484398365,0.4922622740268707,0.5730018615722656,-0.14784356951713562,0.9598919153213501,-0.00039118528366088867,-0.00021469593048095703,-0.026581458747386932,0.380523145198822,0.5683472752571106,-0.12271402031183243,0.9180306196212769,-2.130866050720215e-05,-7.31348991394043e-05,-0.025773219764232635,0.5037966966629028,0.5966478586196899,-0.3196862041950226,0.9667627215385437,-0.0006768703460693359,-3.457069396972656e-05,-0.044418394565582275,0.3662673830986023,0.597983181476593,-0.3098859488964081,0.9192221164703369,0.0001754462718963623,-0.0001671314239501953,-0.044875919818878174,0.5131319761276245,0.6101799607276917,-0.356641560792923,0.960113525390625,-0.0003426074981689453,-8.0108642578125e-05,-0.048415809869766235,0.35659101605415344,0.6093908548355103,-0.34604302048683167,0.9087105989456177,5.930662155151367e-06,-0.0007815957069396973,-0.04854559898376465,0.5085672736167908,0.6041178107261658,-0.36902564764022827,0.9647296667098999,-0.0002529025077819824,-0.00011801719665527344,-0.04872411489486694,0.3612406253814697,0.6059122085571289,-0.3610113859176636,0.9175609350204468,2.771615982055664e-05,-3.5881996154785156e-05,-0.04879748821258545,0.5036534667015076,0.5993220806121826,-0.32820042967796326,0.9552398920059204,-0.0002810359001159668,-7.218122482299805e-05,-0.04504364728927612,0.36636286973953247,0.6030413508415222,-0.3205590844154358,0.9130213260650635,6.708502769470215e-05,-2.300739288330078e-05,-0.045370399951934814,0.46288830041885376,0.6184616088867188,-0.0014701313339173794,0.9999265074729919,-0.0003508031368255615,1.150369644165039e-05,-0.00014335557352751493,0.41639095544815063,0.6207787394523621,0.0016244521830230951,0.9998736381530762,-0.0004899501800537109,-0.0005074739456176758,0.00016322685405611992,0.47079998254776,0.6148174405097961,-0.2896764874458313,0.9943119883537292,-7.510185241699219e-06,0.00010061264038085938,-0.03735741972923279,0.4014412760734558,0.6198880672454834,-0.275096595287323,0.9901041984558105,-9.003281593322754e-05,0.0008482933044433594,-0.025631800293922424,0.46719449758529663,0.7561851739883423,-0.22437281906604767,0.9918449521064758,-6.854534149169922e-05,-3.719329833984375e-05,-0.03287762403488159,0.41769060492515564,0.7618564963340759,-0.2036157101392746,0.9925823211669922,-0.00015878677368164062,-0.0011616945266723633,-0.022557809948921204,0.46372556686401367,0.7722823619842529,-0.22262755036354065,0.9546472430229187,-1.1056661605834961e-05,-2.0623207092285156e-05,-0.03358592092990875,0.4242861270904541,0.7768106460571289,-0.20115914940834045,0.9619582891464233,-2.5987625122070312e-05,-0.001154780387878418,-0.023069366812705994,0.4606544077396393,0.7949850559234619,-0.3395710289478302,0.9905009269714355,4.926323890686035e-05,-0.00011134147644042969,-0.04421079158782959,0.4065956175327301,0.798855185508728,-0.3166496455669403,0.989676296710968,3.8117170333862305e-05,-0.00014197826385498047,-0.035883694887161255
0.4282124936580658,0.4413781464099884,-0.1529230773448944,0.9999949336051941,-0.00021502375602722168,0.00016829371452331543,0.03298157453536987,0.43252167105674744,0.43350058794021606,-0.1403665393590927,0.9999940991401672,-0.00025460124015808105,2.6434659957885742e-05,0.031432732939720154,0.4357619285583496,0.4333752989768982,-0.14041420817375183,0.999994695186615,-0.0002543032169342041,1.6033649444580078e-05,0.03140664100646973,0.4388425350189209,0.4334997832775116,-0.14043891429901123,0.999994695186615,-0.0002664625644683838,9.238719940185547e-06,0.031413644552230835,0.42319947481155396,0.4349577724933624,-0.13998964428901672,0.9999868273735046,-0.0003171265125274658,5.424022674560547e-05,0.030155092477798462,0.42059341073036194,0.4357329308986664,-0.1400262415409088,0.9999858140945435,-0.00036588311195373535,4.315376281738281e-05,0.03015504777431488,0.41792941093444824,0.436809241771698,-0.14005017280578613,0.9999822974205017,-0.0003902018070220947,5.1349401473999023e-05,0.030131056904792786,0.4439293444156647,0.4399232566356659,-0.0702594667673111,0.9999917149543762,-0.0002639293670654297,5.841255187988281e-06,0.019731074571609497,0.41492098569869995,0.4458032250404358,-0.07087425142526627,0.9999616742134094,-0.0005120337009429932,-8.732080459594727e-06,0.012321390211582184,0.436638742685318,0.4530511796474457,-0.1276017129421234,0.999998927116394,-0.00011280179023742676,0.0002575218677520752,0.028927087783813477,0.42408856749534607,0.4543042778968811,-0.12734392285346985,0.9999977946281433,-0.0003262460231781006,0.00031682848930358887,0.027325928211212158,0.4756033420562744,0.5111101865768433,-0.04097849875688553,0.9999775886535645,-2.3365020751953125e-05,-0.0001137852668762207,0.0109361931681633,0.39862537384033203,0.5124567747116089,-0.026659434661269188,0.9998623728752136,-4.798173904418945e-05,-5.125999450683594e-06,0.007268426939845085,0.4922603964805603,0.5724789500236511,-0.12284575402736664,0.9598682522773743,-1.8775463104248047e-06,-0.000522911548614502,0.024997815489768982,0.3807324767112732,0.5680533647537231,-0.11491986364126205,0.9197810888290405,0.00020933151245117188,-0.00029391050338745117,0.0077941566705703735,0.5036984086036682,0.5966576933860779,-0.27148401737213135,0.9672749042510986,-9.828805923461914e-05,9.834766387939453e-06,0.048202186822891235,0.36630332469940186,0.5979260206222534,-0.2957208752632141,0.9214063882827759,3.594160079956055e-05,-5.716085433959961e-05,0.01416507363319397,0.5129590034484863,0.610188364982605,-0.3026021718978882,0.961024820804596,-0.0001729726791381836,8.404254913330078e-06,0.05403938889503479,0.3564985990524292,0.6093801856040955,-0.3267641067504883,0.9113753437995911,-9.241700172424316e-05,-1.0669231414794922e-05,0.019278913736343384,0.508574903011322,0.6041999459266663,-0.31348279118537903,0.9654845595359802,7.62939453125e-06,8.213520050048828e-05,0.05554285645484924,0.36119818687438965,0.6058512330055237,-0.33725911378860474,0.9199262857437134,-4.2438507080078125e-05,-6.097555160522461e-05,0.023752272129058838,0.503699004650116,0.5995134115219116,-0.27882999181747437,0.9561014175415039,4.553794860839844e-05,0.0001913309097290039,0.04937043786048889,0.3663846254348755,0.6029561161994934,-0.3030494153499603,0.9152171611785889,2.1755695343017578e-05,-8.52346420288086e-05,0.017509669065475464,0.4629789888858795,0.6178785562515259,-0.0002705918741412461,0.999926745891571,9.068846702575684e-05,-0.0005830526351928711,0.0011995394597761333,0.41648754477500916,0.6207275986671448,0.0004242805880494416,0.9998718500137329,9.658932685852051e-05,-5.1140785217285156e-05,-0.0012001715949736536,0.47077545523643494,0.6152563095092773,-0.2438371479511261,0.9941942095756531,-2.4527311325073242e-05,0.00043886899948120117,0.0458393394947052,0.402805894613266,0.6191366314888,-0.25334200263023376,0.9900431036949158,0.0013646185398101807,-0.0007514357566833496,0.021754592657089233,0.46717414259910583,0.7566419839859009,-0.1819433569908142,0.9917762875556946,-2.03549861907959e-05,0.00045680999755859375,0.04242946207523346,0.4177166521549225,0.7598735094070435,-0.17903506755828857,0.9926307797431946,2.6047229766845703e-05,-0.0019829869270324707,0.024580642580986023,0.4633251130580902,0.7722756266593933,-0.17965510487556458,0.9534773826599121,-0.0004004538059234619,-6.735324859619141e-06,0.042972445487976074,0.42409801483154297,0.7748485207557678,-0.17504478991031647,0.9620059728622437,-0.0001881122589111328,-0.001962125301361084,0.026114359498023987,0.46076565980911255,0.7949029207229614,-0.28040868043899536,0.9903602600097656,0.0001112520694732666,-8.213520050048828e-05,0.05916234850883484,0.4093509614467621,0.7980304956436157,-0.27308139204978943,0.9897968769073486,0.0027553439140319824,-0.0008246898651123047,0.04356825351715088
0.4282340407371521,0.4418767988681793,-0.12065170705318451,0.9999950528144836,2.154707908630371e-05,0.000498652458190918,0.0322713702917099,0.432472288608551,0.4336910545825958,-0.10838635265827179,0.9999942183494568,-4.938244819641113e-05,0.00019046664237976074,0.03198018670082092,0.4357040822505951,0.433554083108902,-0.1084345132112503,0.9999948143959045,-5.78463077545166e-05,0.00017878413200378418,0.031979694962501526,0.4387597441673279,0.4336535334587097,-0.10846105962991714,0.9999948143959045,-8.279085159301758e-05,0.00015375018119812012,0.031977854669094086,0.4231206476688385,0.43515250086784363,-0.10787566006183624,0.9999870657920837,-7.88271427154541e-05,0.00019472837448120117,0.03211398422718048,0.4204792082309723,0.43593132495880127,-0.10789906978607178,0.9999859929084778,-0.00011420249938964844,0.0001983940601348877,0.032127171754837036,0.4177455008029938,0.4370662569999695,-0.10790958255529404,0.999982476234436,-0.00018391013145446777,0.0002570152282714844,0.032140590250492096,0.4436514377593994,0.4399389624595642,-0.04220349341630936,0.9999918937683105,-0.0002779066562652588,1.570582389831543e-05,0.02805597335100174,0.4145635664463043,0.4458889663219452,-0.04101655259728432,0.9999620914459229,-0.0003574192523956299,8.574128150939941e-05,0.02985769882798195,0.4366490840911865,0.45328229665756226,-0.0970972552895546,0.9999989867210388,1.0341405868530273e-05,0.00023111701011657715,0.030504457652568817,0.4241000711917877,0.4546124339103699,-0.09656290709972382,0.9999978542327881,1.150369644165039e-05,0.00030815601348876953,0.030781015753746033,0.4755432605743408,0.5105167031288147,-0.01982453092932701,0.99997878074646,-6.008148193359375e-05,-0.0005934834480285645,0.021153967827558517,0.3986049294471741,0.5112189650535583,-0.011280352249741554,0.9998656511306763,-2.0444393157958984e-05,-0.0012378096580505371,0.015379082411527634,0.4919208586215973,0.5709574222564697,-0.0867081731557846,0.9611431956291199,-0.0003395378589630127,-0.0015215277671813965,0.03613758087158203,0.380890429019928,0.567246675491333,-0.07522599399089813,0.9218159914016724,0.00015795230865478516,-0.0008066892623901367,0.03969386965036392,0.5040490031242371,0.5972416996955872,-0.22085201740264893,0.9686611890792847,0.00035059452056884766,0.0005840063095092773,0.05063199996948242,0.366301566362381,0.5978506803512573,-0.22252726554870605,0.9237397313117981,-1.7583370208740234e-06,-7.534027099609375e-05,0.07319360971450806,0.5131126046180725,0.61075359582901,-0.2494891881942749,0.9627485871315002,0.00015360116958618164,0.0005652308464050293,0.05311298370361328,0.3564811944961548,0.6096754670143127,-0.25040894746780396,0.9140250086784363,-1.7404556274414062e-05,0.00029528141021728516,0.07635515928268433,0.5088866949081421,0.6051692962646484,-0.262970507144928,0.9669889807701111,0.00031179189682006836,0.0009693503379821777,0.05051228404045105,0.3608779013156891,0.6063090562820435,-0.26567620038986206,0.9222949743270874,-0.0003202855587005615,0.0004578232765197754,0.07158291339874268,0.5041080713272095,0.6004950404167175,-0.22908902168273926,0.9580114483833313,0.00040906667709350586,0.0009816288948059082,0.04974097013473511,0.3661043047904968,0.6031172275543213,-0.23227831721305847,0.9177126288414001,-0.0002803206443786621,0.00016111135482788086,0.07077109813690186,0.4629978537559509,0.6167322993278503,0.00012479840370360762,0.999928891658783,1.8864870071411133e-05,-0.0011462569236755371,0.0003953902778448537,0.416498601436615,0.6198919415473938,1.8026665202341974e-05,0.999875009059906,1.1056661605834961e-05,-0.0008356571197509766,-0.0004062539228470996,0.4709065556526184,0.6143074631690979,-0.21485647559165955,0.9939545392990112,0.00013110041618347168,-0.0009488463401794434,0.028980672359466553,0.40281549096107483,0.6183894276618958,-0.22573773562908173,0.989949107170105,9.59634780883789e-06,-0.0007472038269042969,0.02760426700115204,0.46742209792137146,0.7566185593605042,-0.17398501932621002,0.9916625618934631,0.000247955322265625,-2.3424625396728516e-05,0.007958337664604187,0.4175540506839752,0.7599530816078186,-0.17086635529994965,0.9926612377166748,-0.00016260147094726562,7.957220077514648e-05,0.008168712258338928,0.4633720815181732,0.772238552570343,-0.17307615280151367,0.9522829651832581,4.696846008300781e-05,-3.707408905029297e-05,0.006578952074050903,0.4239271581172943,0.7748927474021912,-0.16797998547554016,0.9620848298072815,-0.00017085671424865723,4.4226646423339844e-05,0.007064804434776306,0.4617791175842285,0.794918417930603,-0.26555028557777405,0.9902147054672241,0.0010134577751159668,1.5497207641601562e-05,0.014858394861221313,0.4092921316623688,0.7980756163597107,-0.2571604251861572,0.9898792505264282,-5.882978439331055e-05,4.51207160949707e-05,0.015920966863632202
0.42811456322669983,0.44202035665512085,-0.156439870595932,0.999994695186615,-0.00011947751045227051,0.00014355778694152832,-0.0357881635427475,0.4322671890258789,0.4336993098258972,-0.1435038447380066,0.9999937415122986,-0.00020509958267211914,8.255243301391602e-06,-0.0351174920797348,0.4354920983314514,0.4335530996322632,-0.14354413747787476,0.9999944567680359,-0.00021198391914367676,-9.834766387939453e-07,-0.03510962426662445,0.4385373592376709,0.4336353540420532,-0.14358147978782654,0.9999944567680359,-0.00022238492965698242,-1.817941665649414e-05,-0.03512042015790939,0.42296385765075684,0.43519389629364014,-0.14269855618476868,0.9999858140945435,-0.00015679001808166504,4.139542579650879e-05,-0.034822896122932434,0.42031604051589966,0.4359690546989441,-0.14273598790168762,0.9999848008155823,-0.00016316771507263184,3.7729740142822266e-05,-0.034836918115615845,0.41756072640419006,0.4371096193790436,-0.14275172352790833,0.9999809265136719,-0.00018477439880371094,4.336237907409668e-05,-0.03484214097261429,0.44333139061927795,0.4397365152835846,-0.06918885558843613,0.9999913573265076,-0.00032004714012145996,-0.00020244717597961426,-0.02698536217212677,0.4143775403499603,0.44588470458984375,-0.06599442660808563,0.9999594688415527,-0.00018602609634399414,-4.26173210144043e-06,-0.024977874010801315,0.43657270073890686,0.4533546566963196,-0.12971730530261993,0.999998927116394,-7.638335227966309e-05,7.236003875732422e-05,-0.03262005001306534,0.4240257143974304,0.45472243428230286,-0.1287808120250702,0.9999977946281433,-7.43567943572998e-05,0.0001100003719329834,-0.032217904925346375,0.4755810797214508,0.5102080702781677,-0.03505932539701462,0.9999787211418152,3.781914710998535e-05,-0.00030863285064697266,-0.015234794467687607,0.39846596121788025,0.5108361840248108,-0.026391807943582535,0.9998629689216614,-0.00013896822929382324,-0.0003827810287475586,-0.01511145569384098,0.49193280935287476,0.5710664391517639,-0.10863236337900162,0.9606227278709412,1.195073127746582e-05,0.00010901689529418945,-0.02192419022321701,0.38080596923828125,0.5672557950019836,-0.09708701074123383,0.9235978126525879,-8.445978164672852e-05,9.119510650634766e-06,-0.021861016750335693,0.5042839050292969,0.5986953377723694,-0.25672557950019836,0.9678038358688354,0.00023490190505981445,0.0014536380767822266,-0.03587356209754944,0.3662997782230377,0.5980938673019409,-0.2565099596977234,0.9240242838859558,-1.7881393432617188e-06,0.00024318695068359375,-0.033982694149017334,0.5132070779800415,0.6110714673995972,-0.28791099786758423,0.9620644450187683,9.447336196899414e-05,0.0003178715705871582,-0.038421809673309326,0.3567281663417816,0.6099570393562317,-0.28708475828170776,0.9140584468841553,0.00024697184562683105,0.0002815723419189453,-0.03667581081390381,0.5092292428016663,0.6055534482002258,-0.30182215571403503,0.9664270281791687,0.0003425478935241699,0.0003841519355773926,-0.038851648569107056,0.36095675826072693,0.6063574552536011,-0.3017357885837555,0.9222218990325928,7.88569450378418e-05,4.839897155761719e-05,-0.03605958819389343,0.5044068098068237,0.6012427806854248,-0.265409380197525,0.9572420716285706,0.0002987384796142578,0.0007477402687072754,-0.03632035851478577,0.36611178517341614,0.6032204031944275,-0.2661502957344055,0.917308509349823,7.4803829193115234e-06,0.00010317564010620117,-0.033871978521347046,0.46310290694236755,0.6166837811470032,0.0001277437841054052,0.9999290704727173,0.00010505318641662598,-4.851818084716797e-05,2.9453804017975926e-06,0.41648465394973755,0.6196759343147278,1.8121676475857385e-05,0.999874472618103,-1.3947486877441406e-05,-0.00021600723266601562,9.501127351541072e-08,0.4709094166755676,0.6142762899398804,-0.23730340600013733,0.9940290451049805,2.86102294921875e-06,-3.11732292175293e-05,-0.022446930408477783,0.40286532044410706,0.6222789287567139,-0.2413228303194046,0.9899531006813049,4.982948303222656e-05,0.0038895010948181152,-0.015585094690322876,0.46730631589889526,0.7552021145820618,-0.1747775673866272,0.9918296933174133,-0.00011578202247619629,-0.0014164447784423828,-0.0007925480604171753,0.4169258177280426,0.7567095160484314,-0.17190030217170715,0.9927191734313965,-0.0006282329559326172,-0.003243565559387207,-0.0010339468717575073,0.4634208083152771,0.7709408402442932,-0.17478634417057037,0.9526816010475159,4.8726797103881836e-05,-0.0012977123260498047,-0.0017101913690567017,0.423078715801239,0.7727190256118774,-0.1699569970369339,0.9621351957321167,-0.0008484423160552979,-0.0021737217903137207,-0.001977011561393738,0.46177831292152405,0.7940679788589478,-0.2795843482017517,0.9903492331504822,-8.046627044677734e-07,-0.0008504390716552734,-0.014034062623977661,0.4092583656311035,0.7972279191017151,-0.2678360939025879,0.9899629950523376,-3.376603126525879e-05,-0.0008476972579956055,-0.010675668716430664
0.42796507477760315,0.4425232708454132,-0.15172863006591797,0.9999945759773254,-0.0001494884490966797,0.0005029141902923584,0.004711240530014038,0.4320726990699768,0.4339594841003418,-0.13871805369853973,0.9999935030937195,-0.0001944899559020996,0.0002601742744445801,0.004785791039466858,0.4353383183479309,0.43377599120140076,-0.13875672221183777,0.9999942779541016,-0.0001537799835205078,0.00022289156913757324,0.004787415266036987,0.4383975863456726,0.4337994456291199,-0.13878796994686127,0.9999942183494568,-0.00013977289199829102,0.0001640915870666504,0.004793509840965271,0.42268285155296326,0.43544742465019226,-0.13771453499794006,0.9999853372573853,-0.0002810060977935791,0.000253528356552124,0.004984021186828613,0.41997814178466797,0.43624961376190186,-0.1377488672733307,0.9999843835830688,-0.00033789873123168945,0.00028055906295776367,0.004987120628356934,0.4172433018684387,0.43742185831069946,-0.13776428997516632,0.9999803304672241,-0.0003174245357513428,0.0003122389316558838,0.004987433552742004,0.44312405586242676,0.439731240272522,-0.06507814675569534,0.9999911189079285,-0.0002073347568511963,-5.27501106262207e-06,0.004110708832740784,0.41407570242881775,0.44588011503219604,-0.06122180074453354,0.9999591708183289,-0.0003018379211425781,-4.589557647705078e-06,0.0047726258635520935,0.43650490045547485,0.45371875166893005,-0.12539048492908478,0.999998927116394,-6.780028343200684e-05,0.00036409497261047363,0.004326820373535156,0.4238225519657135,0.4552866518497467,-0.12433543056249619,0.9999977946281433,-0.00020316243171691895,0.0005642175674438477,0.004445381462574005,0.47580546140670776,0.5102070569992065,-0.03423871845006943,0.9999783039093018,0.000224381685256958,-1.0132789611816406e-06,0.0008206069469451904,0.3982801139354706,0.5100930333137512,-0.02292570471763611,0.9998667240142822,-0.00018584728240966797,-0.0007431507110595703,0.0034661032259464264,0.4919498860836029,0.5744593143463135,-0.10524319112300873,0.9586961269378662,1.7076730728149414e-05,0.0033928751945495605,0.0033891722559928894,0.3804091215133667,0.5665560960769653,-0.09485451132059097,0.9255318641662598,-0.0003968477249145508,-0.0006996989250183105,0.002232499420642853,0.5041057467460632,0.5991545915603638,-0.2516280710697174,0.9656732678413391,-0.00017815828323364258,0.00045925378799438477,0.005097508430480957,0.3662990927696228,0.5972998738288879,-0.25609567761421204,0.924913227558136,-6.854534149169922e-07,-0.0007939934730529785,0.00041428208351135254,0.512776255607605,0.6110579371452332,-0.2818828523159027,0.9603021740913391,-0.00043082237243652344,-1.3530254364013672e-05,0.0060281455516815186,0.356740802526474,0.6097381114959717,-0.28498706221580505,0.9147161245346069,1.2636184692382812e-05,-0.00021892786026000977,0.00209769606590271,0.5091906189918518,0.6053298711776733,-0.2946743369102478,0.9648276567459106,-3.8623809814453125e-05,-0.00022357702255249023,0.0071478188037872314,0.3611496686935425,0.606321394443512,-0.2985973358154297,0.9226738810539246,0.00019291043281555176,-3.606081008911133e-05,0.0031384527683258057,0.5043948888778687,0.6012334823608398,-0.2598576843738556,0.9552390575408936,-1.1920928955078125e-05,-9.298324584960938e-06,0.005551695823669434,0.36650019884109497,0.6031816005706787,-0.2649003863334656,0.9175717234611511,0.000388413667678833,-3.88026237487793e-05,0.0012499094009399414,0.46316057443618774,0.6169393658638,0.0004462398064788431,0.9999299049377441,5.766749382019043e-05,0.000255584716796875,0.0003184960223734379,0.4164501130580902,0.6196959614753723,-0.00029648031340911984,0.9998771548271179,-3.454089164733887e-05,2.002716064453125e-05,-0.00031460198988497723,0.4706079959869385,0.6142887473106384,-0.23817455768585205,0.9941772818565369,-0.0003014206886291504,1.245737075805664e-05,-0.0008711516857147217,0.4028164744377136,0.6206766366958618,-0.24165479838848114,0.9901601672172546,-4.884600639343262e-05,-0.0016022920608520508,-0.0003319680690765381,0.4667128026485443,0.7550619840621948,-0.18084102869033813,0.9921309351921082,-0.0005935132503509521,-0.00014013051986694336,-0.0060634613037109375,0.416463702917099,0.7570615410804749,-0.1735767424106598,0.9929754137992859,-0.0004621148109436035,0.00035202503204345703,-0.0016764402389526367,0.4626034200191498,0.7707048058509827,-0.1801724135875702,0.9542794227600098,-0.0008173882961273193,-0.00023603439331054688,-0.005386069416999817,0.42203855514526367,0.7729266285896301,-0.17137853801250458,0.9632994532585144,-0.0010401606559753418,0.00020760297775268555,-0.0014215409755706787,0.4618013799190521,0.7941409349441528,-0.2830422520637512,0.9906784296035767,2.3066997528076172e-05,7.295608520507812e-05,-0.0034579038619995117,0.4081992506980896,0.7972400188446045,-0.2690226137638092,0.990303099155426,-0.001059114933013916,1.2099742889404297e-05,-0.0011865198612213135
0.4279743731021881,0.4427880048751831,-0.15050798654556274,0.9999949336051941,9.298324584960938e-06,0.00026473402976989746,0.0012206435203552246,0.4320601522922516,0.4340607523918152,-0.13772845268249512,0.9999939203262329,-1.2546777725219727e-05,0.00010126829147338867,0.0009896010160446167,0.43533024191856384,0.43383511900901794,-0.13776621222496033,0.9999946355819702,-8.07642936706543e-06,5.91278076171875e-05,0.0009905099868774414,0.4383782744407654,0.43382593989372253,-0.13779601454734802,0.9999945759773254,-1.9311904907226562e-05,2.6494264602661133e-05,0.0009919553995132446,0.42261701822280884,0.43559858202934265,-0.13669785857200623,0.9999862313270569,-6.583333015441895e-05,0.00015115737915039062,0.0010166764259338379,0.4198745787143707,0.4364032447338104,-0.1367340236902237,0.9999853372573853,-0.00010356307029724121,0.00015363097190856934,0.0010148435831069946,0.41713982820510864,0.4375692903995514,-0.13674567639827728,0.9999815225601196,-0.00010347366333007812,0.0001474320888519287,0.001018613576889038,0.44295844435691833,0.43965858221054077,-0.06403368711471558,0.999991774559021,-0.00016561150550842285,-7.265806198120117e-05,0.0010444596409797668,0.41403865814208984,0.44590088725090027,-0.059968866407871246,0.9999616742134094,-3.7044286727905273e-05,2.0772218704223633e-05,0.0012529343366622925,0.43654632568359375,0.45396456122398376,-0.12399973720312119,0.9999989867210388,4.1425228118896484e-05,0.00024580955505371094,0.0013907477259635925,0.42383041977882385,0.4557913839817047,-0.12287576496601105,0.9999979138374329,7.867813110351562e-06,0.0005047321319580078,0.001459665596485138,0.47588592767715454,0.5094553232192993,-0.03288257122039795,0.9999796748161316,8.046627044677734e-05,-0.0007517337799072266,0.0013561472296714783,0.3983122706413269,0.5088669657707214,-0.021294567734003067,0.999871551990509,3.215670585632324e-05,-0.0012260675430297852,0.0016311369836330414,0.49180173873901367,0.5718782544136047,-0.09923284500837326,0.9600617289543152,-0.0001481473445892334,-0.0025810599327087402,0.0060103461146354675,0.380918949842453,0.5653623938560486,-0.09040588140487671,0.9283177852630615,0.0005098283290863037,-0.001193702220916748,0.004448629915714264,0.504549503326416,0.599073588848114,-0.24314436316490173,0.9671130776405334,0.0004437565803527832,-8.100271224975586e-05,0.008483707904815674,0.366311639547348,0.597285270690918,-0.24828095734119415,0.9278206825256348,1.2546777725219727e-05,-1.4603137969970703e-05,0.007814720273017883,0.5128962397575378,0.6111212372779846,-0.2731497883796692,0.9620012640953064,0.00011998414993286133,6.330013275146484e-05,0.00873306393623352,0.3567328453063965,0.6099206805229187,-0.27699607610702515,0.9176841974258423,-7.957220077514648e-06,0.00018256902694702148,0.007990986108779907,0.5094698667526245,0.6058477759361267,-0.2883263826370239,0.9663432240486145,0.0002792477607727051,0.0005179047584533691,0.006347954273223877,0.36112961173057556,0.6071013808250427,-0.29218655824661255,0.9253060221672058,-2.0056962966918945e-05,0.0007799863815307617,0.006410777568817139,0.5048628449440002,0.6015483140945435,-0.2520143985748291,0.9570473432540894,0.0004679560661315918,0.0003148317337036133,0.00784328579902649,0.3664797842502594,0.6036298274993896,-0.25786155462265015,0.920138955116272,-2.041459083557129e-05,0.0004482269287109375,0.00703883171081543,0.46365928649902344,0.6162387728691101,0.0005966475582681596,0.9999321699142456,0.0004987120628356934,-0.0007005929946899414,0.00015040775178931653,0.4168631136417389,0.6188396215438843,-0.0004541669914033264,0.9998786449432373,0.00041300058364868164,-0.0008563399314880371,-0.00015768667799420655,0.4708123207092285,0.615286648273468,-0.24247141182422638,0.9942582845687866,0.00020432472229003906,0.0009979009628295898,-0.004296854138374329,0.4063570499420166,0.6273583769798279,-0.2410019189119339,0.9901853799819946,0.0035405755043029785,0.0066817402839660645,0.0006528794765472412,0.4661991596221924,0.7557213306427002,-0.18011823296546936,0.9921990036964417,-0.0005136430263519287,0.0006593465805053711,0.0007227957248687744,0.41647881269454956,0.7578186392784119,-0.17313861846923828,0.9930134415626526,1.5109777450561523e-05,0.0007570981979370117,0.0004381239414215088,0.4623340666294098,0.7709100842475891,-0.17803050577640533,0.9540009498596191,-0.00026935338973999023,0.0002052783966064453,0.002141907811164856,0.42191070318222046,0.7735270857810974,-0.17027118802070618,0.9633364081382751,-0.0001278519630432129,0.0006004571914672852,0.0011073499917984009,0.4616979956626892,0.7943440079689026,-0.28001922369003296,0.9906867742538452,-0.00010338425636291504,0.00020307302474975586,0.0030230283737182617,0.40812164545059204,0.7973138689994812,-0.27014732360839844,0.9904291033744812,-7.76052474975586e-05,7.385015487670898e-05,-0.0011247098445892334
0.42774853110313416,0.4429375231266022,-0.12523093819618225,0.9999951720237732,-0.00022584199905395508,0.00014951825141906738,0.025277048349380493,0.43186044692993164,0.4340701997280121,-0.11282780021429062,0.9999942183494568,-0.0001997053623199463,9.447336196899414e-06,0.0249006524682045,0.43520957231521606,0.4338354766368866,-0.11287250369787216,0.9999948740005493,-0.00012066960334777832,3.5762786865234375e-07,0.024893708527088165,0.43829503655433655,0.4338177740573883,-0.11289745569229126,0.9999948143959045,-8.323788642883301e-05,-8.165836334228516e-06,0.024898558855056763,0.42227569222450256,0.4356573224067688,-0.11141584813594818,0.9999868869781494,-0.0003413259983062744,5.874037742614746e-05,0.025282010436058044,0.4194103181362152,0.4364842176437378,-0.11144421994686127,0.9999859929084778,-0.0004642605781555176,8.097290992736816e-05,0.025289803743362427,0.41668206453323364,0.43764129281044006,-0.1114569678902626,0.9999824166297913,-0.000457763671875,7.200241088867188e-05,0.02528870850801468,0.4429144263267517,0.4394614100456238,-0.04476127773523331,0.9999921321868896,-4.4018030166625977e-05,-0.0001971721649169922,0.01927240937948227,0.41361984610557556,0.4459179639816284,-0.03850744664669037,0.9999635815620422,-0.0004188120365142822,1.7076730728149414e-05,0.021461419761180878,0.43647900223731995,0.45410025119781494,-0.10103050619363785,0.9999990463256836,-6.732344627380371e-05,0.00013568997383117676,0.022969231009483337,0.4236219823360443,0.4561392366886139,-0.09918828308582306,0.9999980330467224,-0.00020843744277954102,0.0003478527069091797,0.02368748188018799,0.47625550627708435,0.5091556310653687,-0.019316667690873146,0.9999806880950928,0.00036957859992980957,-0.00029969215393066406,0.013565903529524803,0.39831238985061646,0.5082215666770935,-0.008121579885482788,0.9998772144317627,1.1920928955078125e-07,-0.0006453990936279297,0.013172987848520279,0.4917356073856354,0.5719066262245178,-0.08534803986549377,0.9602998495101929,-6.61313533782959e-05,2.8371810913085938e-05,0.013884805142879486,0.3810092508792877,0.5652409195899963,-0.07200369983911514,0.9299960732460022,9.03010368347168e-05,-0.0001214742660522461,0.018402181565761566,0.5051379203796387,0.5990532636642456,-0.2186039686203003,0.9673391580581665,0.0005884170532226562,-2.0325183868408203e-05,0.02454039454460144,0.3662723898887634,0.5974191427230835,-0.21960942447185516,0.9284775853157043,-3.9249658584594727e-05,0.00013387203216552734,0.02867153286933899,0.5129930377006531,0.6111313104629517,-0.2476169764995575,0.9624196887016296,9.679794311523438e-05,1.0073184967041016e-05,0.025532811880111694,0.3567206561565399,0.6101323962211609,-0.247808575630188,0.9180662035942078,-1.2189149856567383e-05,0.0002117156982421875,0.029187500476837158,0.5095729231834412,0.6058541536331177,-0.2615897059440613,0.9666933417320251,0.00010305643081665039,6.377696990966797e-06,0.026736676692962646,0.3611394762992859,0.6076799035072327,-0.2629740834236145,0.9256211519241333,9.864568710327148e-06,0.0005785226821899414,0.029212474822998047,0.5051366686820984,0.60154128074646,-0.22708675265312195,0.9575768709182739,0.00027382373809814453,-7.033348083496094e-06,0.024927645921707153,0.3664851486682892,0.6042449474334717,-0.22938403487205505,0.9208341836929321,5.364418029785156e-06,0.0006151199340820312,0.028477519750595093,0.4643779397010803,0.6163389682769775,0.0005274445284157991,0.9999333024024963,0.0007186532020568848,0.00010019540786743164,-6.920302985236049e-05,0.41729965806007385,0.6188580989837646,-0.0003851235378533602,0.9998815059661865,0.00043654441833496094,1.8477439880371094e-05,6.904345354996622e-05,0.4707713723182678,0.6147965788841248,-0.22164559364318848,0.9940532445907593,-4.094839096069336e-05,-0.0004900693893432617,0.020825818181037903,0.40581369400024414,0.6197954416275024,-0.2280845195055008,0.990079402923584,-0.0005433559417724609,-0.0075629353523254395,0.012917399406433105,0.46588629484176636,0.7547822594642639,-0.17737987637519836,0.9920756220817566,-0.0003128647804260254,-0.0009390711784362793,0.002738356590270996,0.4165201783180237,0.7579875588417053,-0.17291612923145294,0.9929419159889221,4.1365623474121094e-05,0.00016891956329345703,0.00022248923778533936,0.4623563885688782,0.7703125476837158,-0.1762765347957611,0.9530004858970642,2.232193946838379e-05,-0.000597536563873291,0.001753970980644226,0.4218832552433014,0.7736166715621948,-0.17036010324954987,0.9634861350059509,-2.7447938919067383e-05,8.958578109741211e-05,-8.891522884368896e-05,0.4611143171787262,0.7935842275619507,-0.2716311812400818,0.9905586242675781,-0.0005836784839630127,-0.0007597804069519043,0.008388042449951172,0.40782347321510315,0.7973192930221558,-0.2635655999183655,0.9903930425643921,-0.0002981722354888916,5.424022674560547e-06,0.006581723690032959
0.42766475677490234,0.44314947724342346,-0.11665705591440201,0.9999954104423523,-8.377432823181152e-05,0.00021195411682128906,0.008573882281780243,0.43177834153175354,0.43410876393318176,-0.10464686155319214,0.9999944567680359,-8.210539817810059e-05,3.8564205169677734e-05,0.00818093866109848,0.4351685643196106,0.43384265899658203,-0.10468532890081406,0.9999950528144836,-4.100799560546875e-05,7.18235969543457e-06,0.008187174797058105,0.4382815361022949,0.4338150918483734,-0.10470472276210785,0.9999950528144836,-1.3500452041625977e-05,-2.682209014892578e-06,0.00819273293018341,0.42215457558631897,0.43581441044807434,-0.10334590822458267,0.9999874830245972,-0.00012111663818359375,0.000157088041305542,0.008069939911365509,0.4192797541618347,0.4366846978664398,-0.10337194055318832,0.9999865889549255,-0.00013056397438049316,0.00020048022270202637,0.008072279393672943,0.41657131910324097,0.4378543198108673,-0.10338442027568817,0.9999832510948181,-0.00011074542999267578,0.0002130270004272461,0.008072547614574432,0.4429257810115814,0.43936145305633545,-0.03800848126411438,0.9999924302101135,1.1354684829711914e-05,-9.995698928833008e-05,0.006752796471118927,0.4135724604129791,0.44602420926094055,-0.03206693381071091,0.999965250492096,-4.738569259643555e-05,0.00010624527931213379,0.006440512835979462,0.4364817142486572,0.45424431562423706,-0.0928427129983902,0.9999991059303284,2.7120113372802734e-06,0.00014406442642211914,0.00818779319524765,0.4235683083534241,0.4565337896347046,-0.09109560400247574,0.999998152256012,-5.367398262023926e-05,0.00039455294609069824,0.00809267908334732,0.4766298830509186,0.5084574222564697,-0.012843901291489601,0.9999817609786987,0.0003743767738342285,-0.0006982088088989258,0.006472766399383545,0.39833828806877136,0.5075643062591553,-0.0021483732853084803,0.9998840093612671,2.5898218154907227e-05,-0.0006572604179382324,0.005973206600174308,0.4916967749595642,0.5714710354804993,-0.07933913171291351,0.9603715538978577,-3.883242607116699e-05,-0.0004355907440185547,0.006008908152580261,0.3814059793949127,0.563461422920227,-0.06507690250873566,0.932044267654419,0.000396728515625,-0.0017794966697692871,0.006926797330379486,0.5052610635757446,0.5980966687202454,-0.21140575408935547,0.9671003222465515,0.00012314319610595703,-0.0009565949440002441,0.007198214530944824,0.3665968179702759,0.595169723033905,-0.2106204479932785,0.929731011390686,0.00032442808151245117,-0.002249419689178467,0.00898897647857666,0.5130856037139893,0.6108490824699402,-0.23992760479450226,0.9623732566833496,9.256601333618164e-05,-0.0002822279930114746,0.007689371705055237,0.3569881319999695,0.6082031726837158,-0.2384045124053955,0.9191296100616455,0.00026747584342956543,-0.0019292235374450684,0.00940406322479248,0.5096294283866882,0.6058619618415833,-0.2530474066734314,0.9666250348091125,5.650520324707031e-05,7.808208465576172e-06,0.008542299270629883,0.3618810772895813,0.6069181561470032,-0.25323814153671265,0.9265914559364319,0.0007416009902954102,-0.0007617473602294922,0.009735941886901855,0.5052173733711243,0.6015306711196899,-0.2195630520582199,0.9576332569122314,8.07046890258789e-05,-1.0609626770019531e-05,0.007523700594902039,0.36735999584198,0.6027307510375977,-0.22020313143730164,0.9221742749214172,0.0008748471736907959,-0.0015141963958740234,0.009180903434753418,0.4653469920158386,0.6163734793663025,0.00012584518117364496,0.9999355673789978,0.0009690523147583008,3.451108932495117e-05,-0.0004015993472421542,0.4180052876472473,0.6188660264015198,1.6885140212252736e-05,0.9998859763145447,0.0007056295871734619,7.927417755126953e-06,0.0004020086780656129,0.47069674730300903,0.6134326457977295,-0.22042444348335266,0.9940341114997864,-7.462501525878906e-05,-0.0013639330863952637,0.0012211501598358154,0.4056907594203949,0.6127738356590271,-0.22637347877025604,0.9901748299598694,-0.00012293457984924316,-0.007021605968475342,0.001711040735244751,0.46796703338623047,0.7543915510177612,-0.17989514768123627,0.9921994209289551,0.0020807385444641113,-0.00039070844650268555,-0.002515271306037903,0.4165442883968353,0.757668137550354,-0.1731371134519577,0.9929667115211487,2.4110078811645508e-05,-0.00031942129135131836,-0.00022098422050476074,0.46487802267074585,0.770241916179657,-0.18088078498840332,0.9525883793830872,0.0025216341018676758,-7.063150405883789e-05,-0.004604250192642212,0.42198342084884644,0.7736840844154358,-0.17109528183937073,0.9640505909919739,0.00010016560554504395,6.74128532409668e-05,-0.0007351785898208618,0.4620761275291443,0.7935882210731506,-0.2751668393611908,0.9906496405601501,0.0009618103504180908,3.993511199951172e-06,-0.003535658121109009,0.4070647358894348,0.7970105409622192,-0.26524239778518677,0.9904646277427673,-0.000758737325668335,-0.00030875205993652344,-0.001676797866821289
0.42801904678344727,0.4431804120540619,-0.12137073278427124,0.9999954700469971,0.0003542900085449219,3.0934810638427734e-05,-0.004713676869869232,0.4321376383304596,0.43409979343414307,-0.10939130932092667,0.9999944567680359,0.0003592967987060547,-8.970499038696289e-06,-0.004744447767734528,0.4355722963809967,0.4338321387767792,-0.10943637788295746,0.9999950528144836,0.0004037320613861084,-1.0520219802856445e-05,-0.004751048982143402,0.4386466443538666,0.43380114436149597,-0.10946241766214371,0.9999950528144836,0.0003651082515716553,-1.3947486877441406e-05,-0.004757694900035858,0.4222608506679535,0.4357922375202179,-0.10836762189865112,0.9999877214431763,0.00010627508163452148,-2.2172927856445312e-05,-0.005021713674068451,0.4193616509437561,0.4366312026977539,-0.10839247703552246,0.9999867081642151,8.189678192138672e-05,-5.3495168685913086e-05,-0.005020536482334137,0.4165915548801422,0.4377588629722595,-0.10840480029582977,0.999983549118042,2.0235776901245117e-05,-9.545683860778809e-05,-0.0050203800201416016,0.44301921129226685,0.4391637146472931,-0.04241682589054108,0.9999924302101135,9.34302806854248e-05,-0.0001977384090423584,-0.004408344626426697,0.4135957658290863,0.44580212235450745,-0.03775639832019806,0.9999662637710571,2.3305416107177734e-05,-0.00022208690643310547,-0.005689464509487152,0.43687281012535095,0.4543692171573639,-0.0975702777504921,0.9999991059303284,0.0003910958766937256,0.00012490153312683105,-0.004727564752101898,0.42365890741348267,0.4566802382469177,-0.09627082943916321,0.999998152256012,9.059906005859375e-05,0.00014644861221313477,-0.0051752254366874695,0.47666287422180176,0.508037805557251,-0.016153395175933838,0.999982476234436,3.299117088317871e-05,-0.00041961669921875,-0.0033094938844442368,0.39825502038002014,0.5064449906349182,-0.0049960920587182045,0.9998911023139954,-8.32676887512207e-05,-0.0011193156242370605,-0.0028477187734097242,0.49070245027542114,0.5713669061660767,-0.07964415103197098,0.9603970050811768,-0.0009943246841430664,-0.00010412931442260742,-0.0003050193190574646,0.38139182329177856,0.5633459687232971,-0.0657757893204689,0.9337975978851318,-1.4156103134155273e-05,-0.00011545419692993164,-0.0006988868117332458,0.504925549030304,0.5986081957817078,-0.20607522130012512,0.9667006731033325,-0.00033551454544067383,0.0005115270614624023,0.005330532789230347,0.36677634716033936,0.5961726307868958,-0.20246581733226776,0.9306469559669495,0.00017952919006347656,0.0010029077529907227,0.008154630661010742,0.5128532648086548,0.6108570098876953,-0.23369593918323517,0.9619957804679871,-0.00023233890533447266,7.927417755126953e-06,0.00623166561126709,0.3570330739021301,0.6091341376304626,-0.22919821739196777,0.9196979403495789,4.494190216064453e-05,0.0009309649467468262,0.009206295013427734,0.5095545053482056,0.6059032678604126,-0.24766802787780762,0.9662302136421204,-7.492303848266602e-05,4.13060188293457e-05,0.005379378795623779,0.3620172142982483,0.6076747179031372,-0.2447032928466797,0.9270932078361511,0.0001361370086669922,0.0007565617561340332,0.008534848690032959,0.5051444172859192,0.6017774343490601,-0.2146027535200119,0.957262396812439,-7.295608520507812e-05,0.0002467632293701172,0.004960298538208008,0.3675561547279358,0.6038781404495239,-0.21218159794807434,0.9230061769485474,0.00019615888595581055,0.0011473894119262695,0.008021533489227295,0.4652737081050873,0.6152191162109375,0.00012322196562308818,0.9999372959136963,-7.328391075134277e-05,-0.0011543631553649902,-2.623215550556779e-06,0.41726964712142944,0.6166999936103821,1.9215167412767187e-05,0.9998906850814819,-0.0007356405258178711,-0.0021660327911376953,2.3300272005144507e-06,0.4699084162712097,0.6145280599594116,-0.20501694083213806,0.9937472343444824,-0.0007883310317993164,0.001095414161682129,0.0154075026512146,0.4055517613887787,0.6135128140449524,-0.21289655566215515,0.9897542595863342,-0.00013899803161621094,0.000738978385925293,0.013476923108100891,0.4679386615753174,0.7544694542884827,-0.1791093647480011,0.9919567108154297,-2.8371810913085938e-05,7.790327072143555e-05,0.0007857829332351685,0.41686272621154785,0.7577766180038452,-0.16943302750587463,0.9927077293395996,0.0003184378147125244,0.00010848045349121094,0.003704085946083069,0.4648313522338867,0.7706647515296936,-0.1800069510936737,0.9508154988288879,-4.667043685913086e-05,0.0004228353500366211,0.0008738338947296143,0.4227684438228607,0.7745266556739807,-0.1679842174053192,0.9632580876350403,0.0007850229740142822,0.0008425712585449219,0.0031110644340515137,0.4621262550354004,0.7935860753059387,-0.2721259891986847,0.9904345273971558,5.0127506256103516e-05,-2.1457672119140625e-06,0.0030408501625061035,0.4062804579734802,0.796711802482605,-0.2569080889225006,0.990227460861206,-0.0007842779159545898,-0.0002987384796142578,0.008334308862686157
0.4282136559486389,0.44327640533447266,-0.1901056319475174,0.999995768070221,0.0001946091651916504,9.59932804107666e-05,-0.06873489916324615,0.4323026239871979,0.4341018795967102,-0.176725834608078,0.9999948143959045,0.00016498565673828125,2.086162567138672e-06,-0.06733452528715134,0.4357651174068451,0.4338359832763672,-0.17675437033176422,0.9999954104423523,0.00019282102584838867,3.844499588012695e-06,-0.06731799244880676,0.4388609528541565,0.43380096554756165,-0.1767852008342743,0.9999954104423523,0.000214308500289917,-1.7881393432617188e-07,-0.06732278317213058,0.422311395406723,0.4357709288597107,-0.17537368834018707,0.9999884963035583,5.054473876953125e-05,-2.130866050720215e-05,-0.06700606644153595,0.41941529512405396,0.4365772604942322,-0.17541570961475372,0.9999875426292419,5.364418029785156e-05,-5.3942203521728516e-05,-0.06702323257923126,0.4166043698787689,0.4376419186592102,-0.175405353307724,0.9999845623970032,1.2814998626708984e-05,-0.0001169443130493164,-0.06700055301189423,0.4430800974369049,0.4390154778957367,-0.09465654194355011,0.9999929666519165,6.0886144638061523e-05,-0.00014823675155639648,-0.05223971605300903,0.41359812021255493,0.4454272389411926,-0.08915458619594574,0.9999683499336243,2.3543834686279297e-06,-0.00037488341331481934,-0.05139818787574768,0.4370397925376892,0.454529345035553,-0.15975655615329742,0.9999991655349731,0.00016698241233825684,0.00016012787818908691,-0.06218627840280533,0.4237390160560608,0.45683974027633667,-0.15824654698371887,0.9999982714653015,8.0108642578125e-05,0.0001595020294189453,-0.061975717544555664,0.4766765236854553,0.5072153210639954,-0.052228860557079315,0.9999836683273315,1.3649463653564453e-05,-0.0008224844932556152,-0.03607546538114548,0.397982656955719,0.506377637386322,-0.03620370849967003,0.9998947978019714,-0.00027236342430114746,-6.73532485961914e-05,-0.031207616440951824,0.4901278614997864,0.570210337638855,-0.12397223711013794,0.9611772894859314,-0.0005745887756347656,-0.0011565685272216797,-0.04432808607816696,0.3813803493976593,0.5633828043937683,-0.10717018693685532,0.9324142932891846,-1.1473894119262695e-05,3.6835670471191406e-05,-0.041394397616386414,0.5047510266304016,0.5981632471084595,-0.2781858444213867,0.9675827622413635,-0.00017452239990234375,-0.000444948673248291,-0.0721106231212616,0.3669140934944153,0.5975587964057922,-0.2783586084842682,0.9282636642456055,0.00013774633407592773,0.0013861656188964844,-0.07589279115200043,0.5128974318504333,0.6108445525169373,-0.31257832050323486,0.9627602100372314,4.416704177856445e-05,-1.245737075805664e-05,-0.0788823813199997,0.3576687276363373,0.6103712320327759,-0.31120413541793823,0.9167154431343079,0.0006356537342071533,0.0012370944023132324,-0.08200591802597046,0.5095779895782471,0.6059433221817017,-0.3287104666233063,0.9670768976211548,2.3484230041503906e-05,4.00543212890625e-05,-0.08104243874549866,0.36239632964134216,0.6087207198143005,-0.3282327651977539,0.9246657490730286,0.00037911534309387207,0.00104600191116333,-0.08352947235107422,0.5051234364509583,0.6017758250236511,-0.2878388464450836,0.9581348896026611,-2.09808349609375e-05,-1.6093254089355469e-06,-0.07323609292507172,0.3678130507469177,0.6042906641960144,-0.2893766462802887,0.9204877018928528,0.0002568960189819336,0.0004125237464904785,-0.07719504833221436,0.46526283025741577,0.6137336492538452,-0.0006876819534227252,0.9999387264251709,-1.0877847671508789e-05,-0.0014854669570922852,-0.0008109039190458134,0.417327880859375,0.614729106426239,0.0008611642988398671,0.9998908638954163,5.823373794555664e-05,-0.0019708871841430664,0.0008419491314270999,0.46850696206092834,0.6172196269035339,-0.26464661955833435,0.9935378432273865,-0.001401454210281372,0.0026915669441223145,-0.05962967872619629,0.4109213948249817,0.6273795962333679,-0.25145408511161804,0.9891075491905212,0.005369633436203003,0.013866782188415527,-0.03855752944946289,0.4678810238838196,0.7594051957130432,-0.19951941072940826,0.991553783416748,-5.7637691497802734e-05,0.004935741424560547,-0.020410045981407166,0.4175818860530853,0.7590048313140869,-0.17783646285533905,0.992267370223999,0.0007191598415374756,0.0012282133102416992,-0.008403435349464417,0.46476608514785767,0.7747234106063843,-0.19745849072933197,0.948712944984436,-6.526708602905273e-05,0.004058659076690674,-0.017451539635658264,0.4232828617095947,0.776845395565033,-0.17465640604496002,0.9615346193313599,0.0005144178867340088,0.002318739891052246,-0.006672188639640808,0.46221476793289185,0.7940710783004761,-0.3111570179462433,0.9901403784751892,8.851289749145508e-05,0.0004850029945373535,-0.039031028747558594,0.40629100799560547,0.796721339225769,-0.2859380841255188,0.9897320866584778,1.055002212524414e-05,9.5367431640625e-06,-0.02902999520301819
0.42813342809677124,0.4432150721549988,-0.19547951221466064,0.9999960660934448,-8.022785186767578e-05,-6.133317947387695e-05,-0.0053738802671432495,0.43220609426498413,0.4339427351951599,-0.18032653629779816,0.9999951720237732,-9.652972221374512e-05,-0.00015914440155029297,-0.003600701689720154,0.43569159507751465,0.43365904688835144,-0.18035274744033813,0.999995768070221,-7.352232933044434e-05,-0.00017693638801574707,-0.0035983771085739136,0.438819020986557,0.4335765540599823,-0.1803838312625885,0.9999957084655762,-4.1931867599487305e-05,-0.0002244114875793457,-0.003598630428314209,0.4222615361213684,0.43557602167129517,-0.17799216508865356,0.9999892115592957,-4.985928535461426e-05,-0.00019490718841552734,-0.0026184767484664917,0.419358491897583,0.436358243227005,-0.1780361533164978,0.9999883770942688,-5.6803226470947266e-05,-0.00021901726722717285,-0.0026204437017440796,0.41656675934791565,0.4373666048049927,-0.17802366614341736,0.9999855756759644,-3.7610530853271484e-05,-0.0002753138542175293,-0.0026183128356933594,0.44309043884277344,0.43867605924606323,-0.09158896654844284,0.9999935030937195,1.0341405868530273e-05,-0.0003394186496734619,0.0030675753951072693,0.41355687379837036,0.44507524371147156,-0.08127277344465256,0.9999706149101257,-4.124641418457031e-05,-0.00035199522972106934,0.007881812751293182,0.43698349595069885,0.4545081853866577,-0.16314801573753357,0.9999992251396179,-5.6296586990356445e-05,-2.1159648895263672e-05,-0.003391459584236145,0.42372989654541016,0.4568157196044922,-0.16021870076656342,0.9999983906745911,-9.119510650634766e-06,-2.4020671844482422e-05,-0.0019721537828445435,0.4766760468482971,0.5057623386383057,-0.04685326665639877,0.9999842047691345,-4.76837158203125e-07,-0.0014529824256896973,0.005375593900680542,0.39789116382598877,0.5064231753349304,-0.02898133173584938,0.9998995065689087,-9.149312973022461e-05,4.553794860839844e-05,0.007222376763820648,0.49004697799682617,0.5693740844726562,-0.13797810673713684,0.9609626531600952,-8.088350296020508e-05,-0.0008362531661987305,-0.014005869626998901,0.3812069892883301,0.5635145306587219,-0.1163301020860672,0.9323217272758484,-0.00017336010932922363,0.00013172626495361328,-0.009159915149211884,0.5047265291213989,0.5978938937187195,-0.3104107975959778,0.9670711755752563,-2.4497509002685547e-05,-0.00026935338973999023,-0.032224953174591064,0.36700135469436646,0.5975427031517029,-0.3067423701286316,0.9270800352096558,8.726119995117188e-05,-1.609325408935547e-05,-0.028383761644363403,0.5129647850990295,0.610816240310669,-0.3482724130153656,0.9624423980712891,6.73532485961914e-05,-2.8312206268310547e-05,-0.03569409251213074,0.3581691384315491,0.6104089617729187,-0.3434845209121704,0.9154115915298462,0.000500410795211792,3.7729740142822266e-05,-0.03228038549423218,0.5097272396087646,0.6062898635864258,-0.3647402822971344,0.9670356512069702,0.00014925003051757812,0.0003465414047241211,-0.036029815673828125,0.36310750246047974,0.6085607409477234,-0.3591366410255432,0.9236364364624023,0.0007111728191375732,-0.00015997886657714844,-0.030903875827789307,0.505228579044342,0.6019513607025146,-0.32071274518966675,0.9578065872192383,0.00010514259338378906,0.0001755356788635254,-0.03287389874458313,0.3682791590690613,0.6041431427001953,-0.3175157904624939,0.9192521572113037,0.0004661083221435547,-0.0001475214958190918,-0.0281391441822052,0.465228796005249,0.6138842105865479,-0.0016948829870671034,0.9999392628669739,-3.403425216674805e-05,0.00015056133270263672,-0.0010072010336443782,0.4174433648586273,0.6150942444801331,0.001915789907798171,0.9998905658721924,0.00011548399925231934,0.00036513805389404297,0.001054625608958304,0.46771568059921265,0.6170843839645386,-0.306283563375473,0.9936819076538086,-0.0007912814617156982,-0.00013524293899536133,-0.04163694381713867,0.4098060131072998,0.6175819039344788,-0.29271799325942993,0.9893032312393188,-0.0011153817176818848,-0.00979769229888916,-0.04126390814781189,0.46786707639694214,0.7598760724067688,-0.257241427898407,0.9915660619735718,-1.3947486877441406e-05,0.00047087669372558594,-0.05772201716899872,0.41759663820266724,0.7567204833030701,-0.237078458070755,0.992117702960968,1.475214958190918e-05,-0.0022843480110168457,-0.059241995215415955,0.4648149609565735,0.7753608226776123,-0.25885626673698425,0.9495946764945984,4.887580871582031e-05,0.0006374120712280273,-0.06139777600765228,0.4229866564273834,0.7745437026023865,-0.23745004832744598,0.9621599316596985,-0.0002962052822113037,-0.0023016929626464844,-0.06279364228248596,0.4614936411380768,0.793655276298523,-0.3837946057319641,0.9903675317764282,-0.0007211267948150635,-0.000415802001953125,-0.07263758778572083,0.40831828117370605,0.7942468523979187,-0.3618723452091217,0.9898697733879089,0.002027273178100586,-0.002474486827850342,-0.0759342610836029
